1	2	0.2	40000.00	3100.00
2	2	0.2	40000.00	3100.00
3	2	0.2	40000.00	3100.00
4	2	0.2	40000.00	3100.00
5	2	0.2	40000.00	3100.00
6	2	0.2	40000.00	3100.00
7	2	0.2	40000.00	3100.00
8	2	0.2	40000.00	3100.00
9	2	0.2	40000.00	3100.00
10	2	0.2	40000.00	3100.00
11	2	0.2	40000.00	3100.00
12	2	0.2	40000.00	3100.00
13	2	0.2	40000.00	3100.00
14	2	0.2	40000.00	3100.00
15	2	0.2	40000.00	3100.00
16	2	0.2	40000.00	3100.00
17	2	0.2	40000.00	3100.00
18	2	0.2	40000.00	3100.00
19	2	0.2	40000.00	3100.00
20	2	0.2	40000.00	3100.00
21	2	0.2	40000.00	3100.00
22	2	0.2	40000.00	3100.00
23	2	0.2	40000.00	3100.00
24	2	0.2	40000.00	3100.00
25	2	0.2	40000.00	3100.00
26	2	0.2	40000.00	3100.00
27	2	0.2	40000.00	3100.00
28	2	0.2	40000.00	3100.00
29	2	0.2	40000.00	3100.00
30	2	0.2	40000.00	3100.00
31	2	0.2	40000.00	3100.00
32	2	0.2	40000.00	3100.00
33	2	0.2	40000.00	3100.00
34	2	0.2	40000.00	3100.00
35	2	0.2	40000.00	3100.00
36	2	0.2	40000.00	3100.00
37	2	0.2	40000.00	3100.00
38	2	0.2	40000.00	3100.00
39	2	0.2	40000.00	3100.00
40	2	0.2	40000.00	3100.00
41	2	0.2	40000.00	3100.00
42	2	0.2	40000.00	3100.00
43	2	0.2	40000.00	3100.00
44	2	0.2	40000.00	3100.00
45	2	0.2	40000.00	3100.00
46	2	0.2	40000.00	3100.00
47	2	0.2	40000.00	3100.00
48	2	0.2	40000.00	3100.00
49	2	0.2	40000.00	3100.00
50	2	0.2	40000.00	3100.00
51	2	0.2	40000.00	3100.00
52	2	0.2	40000.00	3100.00
53	2	0.2	40000.00	3100.00
54	2	0.2	40000.00	3100.00
55	2	0.2	40000.00	3100.00
56	2	0.2	40000.00	3100.00
57	2	0.2	40000.00	3100.00
58	2	0.2	40000.00	3100.00
59	2	0.2	40000.00	3100.00
60	2	0.2	40000.00	3100.00
61	2	0.2	40000.00	3100.00
62	2	0.2	40000.00	3100.00
63	2	0.2	40000.00	3100.00
64	2	0.2	40000.00	3100.00
65	2	0.2	40000.00	3100.00
66	2	0.2	40000.00	3100.00
67	2	0.2	40000.00	3100.00
68	2	0.2	40000.00	3100.00
69	2	0.2	40000.00	3100.00
70	2	0.2	40000.00	3100.00
71	2	0.2	40000.00	3100.00
72	2	0.2	40000.00	3100.00
73	2	0.2	40000.00	3100.00
74	2	0.2	40000.00	3100.00
75	2	0.2	40000.00	3100.00
76	2	0.2	40000.00	3100.00
77	2	0.2	40000.00	3100.00
78	2	0.2	40000.00	3100.00
79	2	0.2	40000.00	3100.00
80	2	0.2	40000.00	3100.00
81	2	0.2	40000.00	3100.00
82	2	0.2	40000.00	3100.00
83	2	0.2	40000.00	3100.00
84	2	0.2	40000.00	3100.00
85	2	0.2	40000.00	3100.00
86	2	0.2	40000.00	3100.00
87	2	0.2	40000.00	3100.00
88	2	0.2	40000.00	3100.00
89	2	0.2	40000.00	3100.00
90	2	0.2	40000.00	3100.00
91	2	0.2	40000.00	3100.00
92	2	0.2	40000.00	3100.00
93	2	0.2	40000.00	3100.00
94	2	0.2	40000.00	3100.00
95	2	0.2	40000.00	3100.00
96	2	0.2	40000.00	3100.00
97	2	0.2	40000.00	3100.00
98	2	0.2	40000.00	3100.00
99	2	0.2	40000.00	3100.00
100	2	0.2	40000.00	3100.00
101	2	0.2	40000.00	3100.00
102	2	0.2	40000.00	3100.00
103	2	0.2	40000.00	3100.00
104	2	0.2	40000.00	3100.00
105	2	0.2	40000.00	3100.00
106	2	0.2	40000.00	3100.00
107	2	0.2	40000.00	3100.00
108	2	0.2	40000.00	3100.00
109	2	0.2	40000.00	3100.00
110	2	0.2	40000.00	3100.00
111	2	0.2	40000.00	3100.00
112	2	0.2	40000.00	3100.00
113	2	0.2	40000.00	3100.00
114	2	0.2	40000.00	3100.00
115	2	0.2	40000.00	3100.00
116	2	0.2	40000.00	3100.00
117	2	0.2	40000.00	3100.00
118	2	0.2	40000.00	3100.00
119	2	0.2	40000.00	3100.00
120	2	0.2	40000.00	3100.00
121	2	0.2	40000.00	3100.00
122	2	0.2	40000.00	3100.00
123	2	0.2	40000.00	3100.00
124	2	0.2	40000.00	3100.00
125	2	0.2	40000.00	3100.00
126	2	0.2	40000.00	3100.00
127	2	0.2	40000.00	3100.00
128	2	0.2	40000.00	3100.00
129	2	0.2	40000.00	3100.00
130	2	0.2	40000.00	3100.00
131	2	0.2	40000.00	3100.00
132	2	0.2	40000.00	3100.00
133	2	0.2	40000.00	3100.00
134	2	0.2	40000.00	3100.00
135	2	0.2	40000.00	3100.00
136	2	0.2	40000.00	3100.00
137	2	0.2	40000.00	3100.00
138	2	0.2	40000.00	3100.00
139	2	0.2	40000.00	3100.00
140	2	0.2	40000.00	3100.00
141	2	0.2	40000.00	3100.00
142	2	0.2	40000.00	3100.00
143	2	0.2	40000.00	3100.00
144	2	0.2	40000.00	3100.00
145	2	0.2	40000.00	3100.00
146	2	0.2	40000.00	3100.00
147	2	0.2	40000.00	3100.00
148	2	0.2	40000.00	3100.00
149	2	0.2	40000.00	3100.00
150	2	0.2	40000.00	3100.00
151	2	0.2	40000.00	3100.00
152	2	0.2	40000.00	3100.00
153	2	0.2	40000.00	3100.00
154	2	0.2	40000.00	3100.00
155	2	0.2	40000.00	3100.00
156	2	0.2	40000.00	3100.00
157	2	0.2	40000.00	3100.00
158	2	0.2	40000.00	3100.00
159	2	0.2	40000.00	3100.00
160	2	0.2	40000.00	3100.00
161	2	0.2	40000.00	3100.00
162	2	0.2	40000.00	3100.00
163	2	0.2	40000.00	3100.00
164	2	0.2	40000.00	3100.00
165	2	0.2	40000.00	3100.00
166	2	0.2	40000.00	3100.00
167	2	0.2	40000.00	3100.00
168	2	0.2	40000.00	3100.00
169	2	0.2	40000.00	3100.00
170	2	0.2	40000.00	3100.00
171	2	0.2	40000.00	3100.00
172	2	0.2	40000.00	3100.00
173	2	0.2	40000.00	3100.00
174	2	0.2	40000.00	3100.00
175	2	0.2	40000.00	3100.00
176	2	0.2	40000.00	3100.00
177	2	0.2	40000.00	3100.00
178	2	0.2	40000.00	3100.00
179	2	0.2	40000.00	3100.00
180	2	0.2	40000.00	3100.00
181	2	0.2	40000.00	3100.00
182	2	0.2	40000.00	3100.00
183	2	0.2	40000.00	3100.00
184	2	0.2	40000.00	3100.00
185	2	0.2	40000.00	3100.00
186	2	0.2	40000.00	3100.00
187	2	0.2	40000.00	3100.00
188	2	0.2	40000.00	3100.00
189	2	0.2	40000.00	3100.00
190	2	0.2	40000.00	3100.00
191	2	0.2	40000.00	3100.00
192	2	0.2	40000.00	3100.00
193	2	0.2	40000.00	3100.00
194	2	0.2	40000.00	3100.00
195	2	0.2	40000.00	3100.00
196	2	0.2	40000.00	3100.00
197	2	0.2	40000.00	3100.00
198	2	0.2	40000.00	3100.00
199	2	0.2	40000.00	3100.00
200	2	0.2	40000.00	3100.00
201	2	0.2	40000.00	3100.00
202	2	0.2	40000.00	3100.00
203	2	0.2	40000.00	3100.00
204	2	0.2	40000.00	3100.00
205	2	0.2	40000.00	3100.00
206	2	0.2	40000.00	3100.00
207	2	0.2	40000.00	3100.00
208	2	0.2	40000.00	3100.00
209	2	0.2	40000.00	3100.00
210	2	0.2	40000.00	3100.00
211	2	0.2	40000.00	3100.00
212	2	0.2	40000.00	3100.00
213	2	0.2	40000.00	3100.00
214	2	0.2	40000.00	3100.00
215	2	0.2	40000.00	3100.00
216	2	0.2	40000.00	3100.00
217	2	0.2	40000.00	3100.00
218	2	0.2	40000.00	3100.00
219	2	0.2	40000.00	3100.00
220	2	0.2	40000.00	3100.00
221	2	0.2	40000.00	3100.00
222	2	0.2	40000.00	3100.00
223	2	0.2	40000.00	3100.00
224	2	0.2	40000.00	3100.00
225	2	0.2	40000.00	3100.00
226	2	0.2	40000.00	3100.00
227	2	0.2	40000.00	3100.00
228	2	0.2	40000.00	3100.00
229	2	0.2	40000.00	3100.00
230	2	0.2	40000.00	3100.00
231	2	0.2	40000.00	3100.00
232	2	0.2	40000.00	3100.00
233	2	0.2	40000.00	3100.00
234	2	0.2	40000.00	3100.00
235	2	0.2	40000.00	3100.00
236	2	0.2	40000.00	3100.00
237	2	0.2	40000.00	3100.00
238	2	0.2	40000.00	3100.00
239	2	0.2	40000.00	3100.00
240	2	0.2	40000.00	3100.00
241	2	0.2	40000.00	3100.00
242	2	0.2	40000.00	3100.00
243	2	0.2	40000.00	3100.00
244	2	0.2	40000.00	3100.00
245	2	0.2	40000.00	3100.00
246	2	0.2	40000.00	3100.00
247	2	0.2	40000.00	3100.00
248	2	0.2	40000.00	3100.00
249	2	0.2	40000.00	3100.00
250	2	0.2	40000.00	3100.00
251	2	0.2	40000.00	3100.00
252	2	0.2	40000.00	3100.00
253	2	0.2	40000.00	3100.00
254	2	0.2	40000.00	3100.00
255	2	0.2	40000.00	3100.00
256	2	0.2	40000.00	3100.00
257	2	0.2	40000.00	3100.00
258	2	0.2	40000.00	3100.00
259	2	0.2	40000.00	3100.00
260	2	0.2	40000.00	3100.00
261	2	0.2	40000.00	3100.00
262	2	0.2	40000.00	3100.00
263	2	0.2	40000.00	3100.00
264	2	0.2	40000.00	3100.00
265	2	0.2	40000.00	3100.00
266	2	0.2	40000.00	3100.00
267	2	0.2	40000.00	3100.00
268	2	0.2	40000.00	3100.00
269	2	0.2	40000.00	3100.00
270	2	0.2	40000.00	3100.00
271	2	0.2	40000.00	3100.00
272	2	0.2	40000.00	3100.00
273	2	0.2	40000.00	3100.00
274	2	0.2	40000.00	3100.00
275	2	0.2	40000.00	3100.00
276	2	0.2	40000.00	3100.00
277	2	0.2	40000.00	3100.00
278	2	0.2	40000.00	3100.00
279	2	0.2	40000.00	3100.00
280	2	0.2	40000.00	3100.00
281	2	0.2	40000.00	3100.00
282	2	0.2	40000.00	3100.00
283	2	0.2	40000.00	3100.00
284	2	0.2	40000.00	3100.00
285	2	0.2	40000.00	3100.00
286	2	0.2	40000.00	3100.00
287	2	0.2	40000.00	3100.00
288	2	0.2	40000.00	3100.00
289	2	0.2	40000.00	3100.00
290	2	0.2	40000.00	3100.00
291	2	0.2	40000.00	3100.00
292	2	0.2	40000.00	3100.00
293	2	0.2	40000.00	3100.00
294	2	0.2	40000.00	3100.00
295	2	0.2	40000.00	3100.00
296	2	0.2	40000.00	3100.00
297	2	0.2	40000.00	3100.00
298	2	0.2	40000.00	3100.00
299	2	0.2	40000.00	3100.00
300	2	0.2	40000.00	3100.00
301	2	0.2	40000.00	3100.00
302	2	0.2	40000.00	3100.00
303	2	0.2	40000.00	3100.00
304	2	0.2	40000.00	3100.00
305	2	0.2	40000.00	3100.00
306	2	0.2	40000.00	3100.00
307	2	0.2	40000.00	3100.00
308	2	0.2	40000.00	3100.00
309	2	0.2	40000.00	3100.00
310	2	0.2	40000.00	3100.00
311	2	0.2	40000.00	3100.00
312	2	0.2	40000.00	3100.00
313	2	0.2	40000.00	3100.00
314	2	0.2	40000.00	3100.00
315	2	0.2	40000.00	3100.00
316	2	0.2	40000.00	3100.00
317	2	0.2	40000.00	3100.00
318	2	0.2	40000.00	3100.00
319	2	0.2	40000.00	3100.00
320	2	0.2	40000.00	3100.00
321	2	0.2	40000.00	3100.00
322	2	0.2	40000.00	3100.00
323	2	0.2	40000.00	3100.00
324	2	0.2	40000.00	3100.00
325	2	0.2	40000.00	3100.00
326	2	0.2	40000.00	3100.00
327	2	0.2	40000.00	3100.00
328	2	0.2	40000.00	3100.00
329	2	0.2	40000.00	3100.00
330	2	0.2	40000.00	3100.00
331	2	0.2	40000.00	3100.00
332	2	0.2	40000.00	3100.00
333	2	0.2	40000.00	3100.00
334	2	0.2	40000.00	3100.00
335	2	0.2	40000.00	3100.00
336	2	0.2	40000.00	3100.00
337	2	0.2	40000.00	3100.00
338	2	0.2	40000.00	3100.00
339	2	0.2	40000.00	3100.00
340	2	0.2	40000.00	3100.00
341	2	0.2	40000.00	3100.00
342	2	0.2	40000.00	3100.00
343	2	0.2	40000.00	3100.00
344	2	0.2	40000.00	3100.00
345	2	0.2	40000.00	3100.00
346	2	0.2	40000.00	3100.00
347	2	0.2	40000.00	3100.00
348	2	0.2	40000.00	3100.00
349	2	0.2	40000.00	3100.00
350	2	0.2	40000.00	3100.00
351	2	0.2	40000.00	3100.00
352	2	0.2	40000.00	3100.00
353	2	0.2	40000.00	3100.00
354	2	0.2	40000.00	3100.00
355	2	0.2	40000.00	3100.00
356	2	0.2	40000.00	3100.00
357	2	0.2	40000.00	3100.00
358	2	0.2	40000.00	3100.00
359	2	0.2	40000.00	3100.00
360	2	0.2	40000.00	3100.00
361	2	0.2	40000.00	3100.00
362	2	0.2	40000.00	3100.00
363	2	0.2	40000.00	3100.00
364	2	0.2	40000.00	3100.00
365	2	0.2	40000.00	3100.00
366	2	0.2	40000.00	3100.00
367	2	0.2	40000.00	3100.00
368	2	0.2	40000.00	3100.00
369	2	0.2	40000.00	3100.00
370	2	0.2	40000.00	3100.00
371	2	0.2	40000.00	3100.00
372	2	0.2	40000.00	3100.00
373	2	0.2	40000.00	3100.00
374	2	0.2	40000.00	3100.00
375	2	0.2	40000.00	3100.00
376	2	0.2	40000.00	3100.00
377	2	0.2	40000.00	3100.00
378	2	0.2	40000.00	3100.00
379	2	0.2	40000.00	3100.00
380	2	0.2	40000.00	3100.00
381	2	0.2	40000.00	3100.00
382	2	0.2	40000.00	3100.00
383	2	0.2	40000.00	3100.00
384	2	0.2	40000.00	3100.00
385	2	0.2	40000.00	3100.00
386	2	0.2	40000.00	3100.00
387	2	0.2	40000.00	3100.00
388	2	0.2	40000.00	3100.00
389	2	0.2	40000.00	3100.00
390	2	0.2	40000.00	3100.00
391	2	0.2	40000.00	3100.00
392	2	0.2	40000.00	3100.00
393	2	0.2	40000.00	3100.00
394	2	0.2	40000.00	3100.00
395	2	0.2	40000.00	3100.00
396	2	0.2	40000.00	3100.00
397	2	0.2	40000.00	3100.00
398	2	0.2	40000.00	3100.00
399	2	0.2	40000.00	3100.00
400	2	0.2	40000.00	3100.00
401	2	0.2	40000.00	3100.00
402	2	0.2	40000.00	3100.00
403	2	0.2	40000.00	3100.00
404	2	0.2	40000.00	3100.00
405	2	0.2	40000.00	3100.00
406	2	0.2	40000.00	3100.00
407	2	0.2	40000.00	3100.00
408	2	0.2	40000.00	3100.00
409	2	0.2	40000.00	3100.00
410	2	0.2	40000.00	3100.00
411	2	0.2	40000.00	3100.00
412	2	0.2	40000.00	3100.00
413	2	0.2	40000.00	3100.00
414	2	0.2	40000.00	3100.00
415	2	0.2	40000.00	3100.00
416	2	0.2	40000.00	3100.00
417	2	0.2	40000.00	3100.00
418	2	0.2	40000.00	3100.00
419	2	0.2	40000.00	3100.00
420	2	0.2	40000.00	3100.00
421	2	0.2	40000.00	3100.00
422	2	0.2	40000.00	3100.00
423	2	0.2	40000.00	3100.00
424	2	0.2	40000.00	3100.00
425	2	0.2	40000.00	3100.00
426	2	0.2	40000.00	3100.00
427	2	0.2	40000.00	3100.00
428	2	0.2	40000.00	3100.00
429	2	0.2	40000.00	3100.00
430	2	0.2	40000.00	3100.00
431	2	0.2	40000.00	3100.00
432	2	0.2	40000.00	3100.00
433	2	0.2	40000.00	3100.00
434	2	0.2	40000.00	3100.00
435	2	0.2	40000.00	3100.00
436	2	0.2	40000.00	3100.00
437	2	0.2	40000.00	3100.00
438	2	0.2	40000.00	3100.00
439	2	0.2	40000.00	3100.00
440	2	0.2	40000.00	3100.00
441	2	0.2	40000.00	3100.00
442	2	0.2	40000.00	3100.00
443	2	0.2	40000.00	3100.00
444	2	0.2	40000.00	3100.00
445	2	0.2	40000.00	3100.00
446	2	0.2	40000.00	3100.00
447	2	0.2	40000.00	3100.00
448	2	0.2	40000.00	3100.00
449	2	0.2	40000.00	3100.00
450	2	0.2	40000.00	3100.00
451	2	0.2	40000.00	3100.00
452	2	0.2	40000.00	3100.00
453	2	0.2	40000.00	3100.00
454	2	0.2	40000.00	3100.00
455	2	0.2	40000.00	3100.00
456	2	0.2	40000.00	3100.00
457	2	0.2	40000.00	3100.00
458	2	0.2	40000.00	3100.00
459	2	0.2	40000.00	3100.00
460	2	0.2	40000.00	3100.00
461	2	0.2	40000.00	3100.00
462	2	0.2	40000.00	3100.00
463	2	0.2	40000.00	3100.00
464	2	0.2	40000.00	3100.00
465	2	0.2	40000.00	3100.00
466	2	0.2	40000.00	3100.00
467	2	0.2	40000.00	3100.00
468	2	0.2	40000.00	3100.00
469	2	0.2	40000.00	3100.00
470	2	0.2	40000.00	3100.00
471	2	0.2	40000.00	3100.00
472	2	0.2	40000.00	3100.00
473	2	0.2	40000.00	3100.00
474	2	0.2	40000.00	3100.00
475	2	0.2	40000.00	3100.00
476	2	0.2	40000.00	3100.00
477	2	0.2	40000.00	3100.00
478	2	0.2	40000.00	3100.00
479	2	0.2	40000.00	3100.00
480	2	0.2	40000.00	3100.00
481	2	0.2	40000.00	3100.00
482	2	0.2	40000.00	3100.00
483	2	0.2	40000.00	3100.00
484	2	0.2	40000.00	3100.00
485	2	0.2	40000.00	3100.00
486	2	0.2	40000.00	3100.00
487	2	0.2	40000.00	3100.00
488	2	0.2	40000.00	3100.00
489	2	0.2	40000.00	3100.00
490	2	0.2	40000.00	3100.00
491	2	0.2	40000.00	3100.00
492	2	0.2	40000.00	3100.00
493	2	0.2	40000.00	3100.00
494	2	0.2	40000.00	3100.00
495	2	0.2	40000.00	3100.00
496	2	0.2	40000.00	3100.00
497	2	0.2	40000.00	3100.00
498	2	0.2	40000.00	3100.00
499	2	0.2	40000.00	3100.00
500	2	0.2	40000.00	3100.00
501	2	0.2	40000.00	3100.00
502	2	0.2	40000.00	3100.00
503	2	0.2	40000.00	3100.00
504	2	0.2	40000.00	3100.00
505	2	0.2	40000.00	3100.00
506	2	0.2	40000.00	3100.00
507	2	0.2	40000.00	3100.00
508	2	0.2	40000.00	3100.00
509	2	0.2	40000.00	3100.00
510	2	0.2	40000.00	3100.00
511	2	0.2	40000.00	3100.00
512	2	0.2	40000.00	3100.00
513	2	0.2	40000.00	3100.00
514	2	0.2	40000.00	3100.00
515	2	0.2	40000.00	3100.00
516	2	0.2	40000.00	3100.00
517	2	0.2	40000.00	3100.00
518	2	0.2	40000.00	3100.00
519	2	0.2	40000.00	3100.00
520	2	0.2	40000.00	3100.00
521	2	0.2	40000.00	3100.00
522	2	0.2	40000.00	3100.00
523	2	0.2	40000.00	3100.00
524	2	0.2	40000.00	3100.00
525	2	0.2	40000.00	3100.00
526	2	0.2	40000.00	3100.00
527	2	0.2	40000.00	3100.00
528	2	0.2	40000.00	3100.00
529	2	0.2	40000.00	3100.00
530	2	0.2	40000.00	3100.00
531	2	0.2	40000.00	3100.00
532	2	0.2	40000.00	3100.00
533	2	0.2	40000.00	3100.00
534	2	0.2	40000.00	3100.00
535	2	0.2	40000.00	3100.00
536	2	0.2	40000.00	3100.00
537	2	0.2	40000.00	3100.00
538	2	0.2	40000.00	3100.00
539	2	0.2	40000.00	3100.00
540	2	0.2	40000.00	3100.00
541	2	0.2	40000.00	3100.00
542	2	0.2	40000.00	3100.00
543	2	0.2	40000.00	3100.00
544	2	0.2	40000.00	3100.00
545	2	0.2	40000.00	3100.00
546	2	0.2	40000.00	3100.00
547	2	0.2	40000.00	3100.00
548	2	0.2	40000.00	3100.00
549	2	0.2	40000.00	3100.00
550	2	0.2	40000.00	3100.00
551	2	0.2	40000.00	3100.00
552	2	0.2	40000.00	3100.00
553	2	0.2	40000.00	3100.00
554	2	0.2	40000.00	3100.00
555	2	0.2	40000.00	3100.00
556	2	0.2	40000.00	3100.00
557	2	0.2	40000.00	3100.00
558	2	0.2	40000.00	3100.00
559	2	0.2	40000.00	3100.00
560	2	0.2	40000.00	3100.00
561	2	0.2	40000.00	3100.00
562	2	0.2	40000.00	3100.00
563	2	0.2	40000.00	3100.00
564	2	0.2	40000.00	3100.00
565	2	0.2	40000.00	3100.00
566	2	0.2	40000.00	3100.00
567	2	0.2	40000.00	3100.00
568	2	0.2	40000.00	3100.00
569	2	0.2	40000.00	3100.00
570	2	0.2	40000.00	3100.00
571	2	0.2	40000.00	3100.00
572	2	0.2	40000.00	3100.00
573	2	0.2	40000.00	3100.00
574	2	0.2	40000.00	3100.00
575	2	0.2	40000.00	3100.00
576	2	0.2	40000.00	3100.00
577	2	0.2	40000.00	3100.00
578	2	0.2	40000.00	3100.00
579	2	0.2	40000.00	3100.00
580	2	0.2	40000.00	3100.00
581	2	0.2	40000.00	3100.00
582	2	0.2	40000.00	3100.00
583	2	0.2	40000.00	3100.00
584	2	0.2	40000.00	3100.00
585	2	0.2	40000.00	3100.00
586	2	0.2	40000.00	3100.00
587	2	0.2	40000.00	3100.00
588	2	0.2	40000.00	3100.00
589	2	0.2	40000.00	3100.00
590	2	0.2	40000.00	3100.00
591	2	0.2	40000.00	3100.00
592	2	0.2	40000.00	3100.00
593	2	0.2	40000.00	3100.00
594	2	0.2	40000.00	3100.00
595	2	0.2	40000.00	3100.00
596	2	0.2	40000.00	3100.00
597	2	0.2	40000.00	3100.00
598	2	0.2	40000.00	3100.00
599	2	0.2	40000.00	3100.00
600	2	0.2	40000.00	3100.00
601	2	0.2	40000.00	3100.00
602	2	0.2	40000.00	3100.00
603	2	0.2	40000.00	3100.00
604	2	0.2	40000.00	3100.00
605	2	0.2	40000.00	3100.00
606	2	0.2	40000.00	3100.00
607	2	0.2	40000.00	3100.00
608	2	0.2	40000.00	3100.00
609	2	0.2	40000.00	3100.00
610	2	0.2	40000.00	3100.00
611	2	0.2	40000.00	3100.00
612	2	0.2	40000.00	3100.00
613	2	0.2	40000.00	3100.00
614	2	0.2	40000.00	3100.00
615	2	0.2	40000.00	3100.00
616	2	0.2	40000.00	3100.00
617	2	0.2	40000.00	3100.00
618	2	0.2	40000.00	3100.00
619	2	0.2	40000.00	3100.00
620	2	0.2	40000.00	3100.00
621	2	0.2	40000.00	3100.00
622	2	0.2	40000.00	3100.00
623	2	0.2	40000.00	3100.00
624	2	0.2	40000.00	3100.00
625	2	0.2	40000.00	3100.00
626	2	0.2	40000.00	3100.00
627	2	0.2	40000.00	3100.00
628	2	0.2	40000.00	3100.00
629	2	0.2	40000.00	3100.00
630	2	0.2	40000.00	3100.00
631	2	0.2	40000.00	3100.00
632	2	0.2	40000.00	3100.00
633	2	0.2	40000.00	3100.00
634	2	0.2	40000.00	3100.00
635	2	0.2	40000.00	3100.00
636	2	0.2	40000.00	3100.00
637	2	0.2	40000.00	3100.00
638	2	0.2	40000.00	3100.00
639	2	0.2	40000.00	3100.00
640	2	0.2	40000.00	3100.00
641	2	0.2	40000.00	3100.00
642	2	0.2	40000.00	3100.00
643	2	0.2	40000.00	3100.00
644	2	0.2	40000.00	3100.00
645	2	0.2	40000.00	3100.00
646	2	0.2	40000.00	3100.00
647	2	0.2	40000.00	3100.00
648	2	0.2	40000.00	3100.00
649	2	0.2	40000.00	3100.00
650	2	0.2	40000.00	3100.00
651	2	0.2	40000.00	3100.00
652	2	0.2	40000.00	3100.00
653	2	0.2	40000.00	3100.00
654	2	0.2	40000.00	3100.00
655	2	0.2	40000.00	3100.00
656	2	0.2	40000.00	3100.00
657	2	0.2	40000.00	3100.00
658	2	0.2	40000.00	3100.00
659	2	0.2	40000.00	3100.00
660	2	0.2	40000.00	3100.00
661	2	0.2	40000.00	3100.00
662	2	0.2	40000.00	3100.00
663	2	0.2	40000.00	3100.00
664	2	0.2	40000.00	3100.00
665	2	0.2	40000.00	3100.00
666	2	0.2	40000.00	3100.00
667	2	0.2	40000.00	3100.00
668	2	0.2	40000.00	3100.00
669	2	0.2	40000.00	3100.00
670	2	0.2	40000.00	3100.00
671	2	0.2	40000.00	3100.00
672	2	0.2	40000.00	3100.00
673	2	0.2	40000.00	3100.00
674	2	0.2	40000.00	3100.00
675	2	0.2	40000.00	3100.00
676	2	0.2	40000.00	3100.00
677	2	0.2	40000.00	3100.00
678	2	0.2	40000.00	3100.00
679	2	0.2	40000.00	3100.00
680	2	0.2	40000.00	3100.00
681	2	0.2	40000.00	3100.00
682	2	0.2	40000.00	3100.00
683	2	0.2	40000.00	3100.00
684	2	0.2	40000.00	3100.00
685	2	0.2	40000.00	3100.00
686	2	0.2	40000.00	3100.00
687	2	0.2	40000.00	3100.00
688	2	0.2	40000.00	3100.00
689	2	0.2	40000.00	3100.00
690	2	0.2	40000.00	3100.00
691	2	0.2	40000.00	3100.00
692	2	0.2	40000.00	3100.00
693	2	0.2	40000.00	3100.00
694	2	0.2	40000.00	3100.00
695	2	0.2	40000.00	3100.00
696	2	0.2	40000.00	3100.00
697	2	0.2	40000.00	3100.00
698	2	0.2	40000.00	3100.00
699	2	0.2	40000.00	3100.00
700	2	0.2	40000.00	3100.00
701	2	0.2	40000.00	3100.00
702	2	0.2	40000.00	3100.00
703	2	0.2	40000.00	3100.00
704	2	0.2	40000.00	3100.00
705	2	0.2	40000.00	3100.00
706	2	0.2	40000.00	3100.00
707	2	0.2	40000.00	3100.00
708	2	0.2	40000.00	3100.00
709	2	0.2	40000.00	3100.00
710	2	0.2	40000.00	3100.00
711	2	0.2	40000.00	3100.00
712	2	0.2	40000.00	3100.00
713	2	0.2	40000.00	3100.00
714	2	0.2	40000.00	3100.00
715	2	0.2	40000.00	3100.00
716	2	0.2	40000.00	3100.00
717	2	0.2	40000.00	3100.00
718	2	0.2	40000.00	3100.00
719	2	0.2	40000.00	3100.00
720	2	0.2	40000.00	3100.00
721	2	0.2	40000.00	3100.00
722	2	0.2	40000.00	3100.00
723	2	0.2	40000.00	3100.00
724	2	0.2	40000.00	3100.00
725	2	0.2	40000.00	3100.00
726	2	0.2	40000.00	3100.00
727	2	0.2	40000.00	3100.00
728	2	0.2	40000.00	3100.00
729	2	0.2	40000.00	3100.00
730	2	0.2	40000.00	3100.00
731	2	0.2	40000.00	3100.00
732	2	0.2	40000.00	3100.00
733	2	0.2	40000.00	3100.00
734	2	0.2	40000.00	3100.00
735	2	0.2	40000.00	3100.00
736	2	0.2	40000.00	3100.00
737	2	0.2	40000.00	3100.00
738	2	0.2	40000.00	3100.00
739	2	0.2	40000.00	3100.00
740	2	0.2	40000.00	3100.00
741	2	0.2	40000.00	3100.00
742	2	0.2	40000.00	3100.00
743	2	0.2	40000.00	3100.00
744	2	0.2	40000.00	3100.00
745	2	0.2	40000.00	3100.00
746	2	0.2	40000.00	3100.00
747	2	0.2	40000.00	3100.00
748	2	0.2	40000.00	3100.00
749	2	0.2	40000.00	3100.00
750	2	0.2	40000.00	3100.00
751	2	0.2	40000.00	3100.00
752	2	0.2	40000.00	3100.00
753	2	0.2	40000.00	3100.00
754	2	0.2	40000.00	3100.00
755	2	0.2	40000.00	3100.00
756	2	0.2	40000.00	3100.00
757	2	0.2	40000.00	3100.00
758	2	0.2	40000.00	3100.00
759	2	0.2	40000.00	3100.00
760	2	0.2	40000.00	3100.00
761	2	0.2	40000.00	3100.00
762	2	0.2	40000.00	3100.00
763	2	0.2	40000.00	3100.00
764	2	0.2	40000.00	3100.00
765	2	0.2	40000.00	3100.00
766	2	0.2	40000.00	3100.00
767	2	0.2	40000.00	3100.00
768	2	0.2	40000.00	3100.00
769	2	0.2	40000.00	3100.00
770	2	0.2	40000.00	3100.00
771	2	0.2	40000.00	3100.00
772	2	0.2	40000.00	3100.00
773	2	0.2	40000.00	3100.00
774	2	0.2	40000.00	3100.00
775	2	0.2	40000.00	3100.00
776	2	0.2	40000.00	3100.00
777	2	0.2	40000.00	3100.00
778	2	0.2	40000.00	3100.00
779	2	0.2	40000.00	3100.00
780	2	0.2	40000.00	3100.00
781	2	0.2	40000.00	3100.00
782	2	0.2	40000.00	3100.00
783	2	0.2	40000.00	3100.00
784	2	0.2	40000.00	3100.00
785	2	0.2	40000.00	3100.00
786	2	0.2	40000.00	3100.00
787	2	0.2	40000.00	3100.00
788	2	0.2	40000.00	3100.00
789	2	0.2	40000.00	3100.00
790	2	0.2	40000.00	3100.00
791	2	0.2	40000.00	3100.00
792	2	0.2	40000.00	3100.00
793	2	0.2	40000.00	3100.00
794	2	0.2	40000.00	3100.00
795	2	0.2	40000.00	3100.00
796	2	0.2	40000.00	3100.00
797	2	0.2	40000.00	3100.00
798	2	0.2	40000.00	3100.00
799	2	0.2	40000.00	3100.00
800	2	0.2	40000.00	3100.00
801	2	0.2	40000.00	3100.00
802	2	0.2	40000.00	3100.00
803	2	0.2	40000.00	3100.00
804	2	0.2	40000.00	3100.00
805	2	0.2	40000.00	3100.00
806	2	0.2	40000.00	3100.00
807	2	0.2	40000.00	3100.00
808	2	0.2	40000.00	3100.00
809	2	0.2	40000.00	3100.00
810	2	0.2	40000.00	3100.00
811	2	0.2	40000.00	3100.00
812	2	0.2	40000.00	3100.00
813	2	0.2	40000.00	3100.00
814	2	0.2	40000.00	3100.00
815	2	0.2	40000.00	3100.00
816	2	0.2	40000.00	3100.00
817	2	0.2	40000.00	3100.00
818	2	0.2	40000.00	3100.00
819	2	0.2	40000.00	3100.00
820	2	0.2	40000.00	3100.00
821	2	0.2	40000.00	3100.00
822	2	0.2	40000.00	3100.00
823	2	0.2	40000.00	3100.00
824	2	0.2	40000.00	3100.00
825	2	0.2	40000.00	3100.00
826	2	0.2	40000.00	3100.00
827	2	0.2	40000.00	3100.00
828	2	0.2	40000.00	3100.00
829	2	0.2	40000.00	3100.00
830	2	0.2	40000.00	3100.00
831	2	0.2	40000.00	3100.00
832	2	0.2	40000.00	3100.00
833	2	0.2	40000.00	3100.00
834	2	0.2	40000.00	3100.00
835	2	0.2	40000.00	3100.00
836	2	0.2	40000.00	3100.00
837	2	0.2	40000.00	3100.00
838	2	0.2	40000.00	3100.00
839	2	0.2	40000.00	3100.00
840	2	0.2	40000.00	3100.00
841	2	0.2	40000.00	3100.00
842	2	0.2	40000.00	3100.00
843	2	0.2	40000.00	3100.00
844	2	0.2	40000.00	3100.00
845	2	0.2	40000.00	3100.00
846	2	0.2	40000.00	3100.00
847	2	0.2	40000.00	3100.00
848	2	0.2	40000.00	3100.00
849	2	0.2	40000.00	3100.00
850	2	0.2	40000.00	3100.00
851	2	0.2	40000.00	3100.00
852	2	0.2	40000.00	3100.00
853	2	0.2	40000.00	3100.00
854	2	0.2	40000.00	3100.00
855	2	0.2	40000.00	3100.00
856	2	0.2	40000.00	3100.00
857	2	0.2	40000.00	3100.00
858	2	0.2	40000.00	3100.00
859	2	0.2	40000.00	3100.00
860	2	0.2	40000.00	3100.00
861	2	0.2	40000.00	3100.00
862	2	0.2	40000.00	3100.00
863	2	0.2	40000.00	3100.00
864	2	0.2	40000.00	3100.00
865	2	0.2	40000.00	3100.00
866	2	0.2	40000.00	3100.00
867	2	0.2	40000.00	3100.00
868	2	0.2	40000.00	3100.00
869	2	0.2	40000.00	3100.00
870	2	0.2	40000.00	3100.00
871	2	0.2	40000.00	3100.00
872	2	0.2	40000.00	3100.00
873	2	0.2	40000.00	3100.00
874	2	0.2	40000.00	3100.00
875	2	0.2	40000.00	3100.00
876	2	0.2	40000.00	3100.00
877	2	0.2	40000.00	3100.00
878	2	0.2	40000.00	3100.00
879	2	0.2	40000.00	3100.00
880	2	0.2	40000.00	3100.00
881	2	0.2	40000.00	3100.00
882	2	0.2	40000.00	3100.00
883	2	0.2	40000.00	3100.00
884	2	0.2	40000.00	3100.00
885	2	0.2	40000.00	3100.00
886	2	0.2	40000.00	3100.00
887	2	0.2	40000.00	3100.00
888	2	0.2	40000.00	3100.00
889	2	0.2	40000.00	3100.00
890	2	0.2	40000.00	3100.00
891	2	0.2	40000.00	3100.00
892	2	0.2	40000.00	3100.00
893	2	0.2	40000.00	3100.00
894	2	0.2	40000.00	3100.00
895	2	0.2	40000.00	3100.00
896	2	0.2	40000.00	3100.00
897	2	0.2	40000.00	3100.00
898	2	0.2	40000.00	3100.00
899	2	0.2	40000.00	3100.00
900	2	0.2	40000.00	3100.00
901	2	0.2	40000.00	3100.00
902	2	0.2	40000.00	3100.00
903	2	0.2	40000.00	3100.00
904	2	0.2	40000.00	3100.00
905	2	0.2	40000.00	3100.00
906	2	0.2	40000.00	3100.00
907	2	0.2	40000.00	3100.00
908	2	0.2	40000.00	3100.00
909	2	0.2	40000.00	3100.00
910	2	0.2	40000.00	3100.00
911	2	0.2	40000.00	3100.00
912	2	0.2	40000.00	3100.00
913	2	0.2	40000.00	3100.00
914	2	0.2	40000.00	3100.00
915	2	0.2	40000.00	3100.00
916	2	0.2	40000.00	3100.00
917	2	0.2	40000.00	3100.00
918	2	0.2	40000.00	3100.00
919	2	0.2	40000.00	3100.00
920	2	0.2	40000.00	3100.00
921	2	0.2	40000.00	3100.00
922	2	0.2	40000.00	3100.00
923	2	0.2	40000.00	3100.00
924	2	0.2	40000.00	3100.00
925	2	0.2	40000.00	3100.00
926	2	0.2	40000.00	3100.00
927	2	0.2	40000.00	3100.00
928	2	0.2	40000.00	3100.00
929	2	0.2	40000.00	3100.00
930	2	0.2	40000.00	3100.00
931	2	0.2	40000.00	3100.00
932	2	0.2	40000.00	3100.00
933	2	0.2	40000.00	3100.00
934	2	0.2	40000.00	3100.00
935	2	0.2	40000.00	3100.00
936	2	0.2	40000.00	3100.00
937	2	0.2	40000.00	3100.00
938	2	0.2	40000.00	3100.00
939	2	0.2	40000.00	3100.00
940	2	0.2	40000.00	3100.00
941	2	0.2	40000.00	3100.00
942	2	0.2	40000.00	3100.00
943	2	0.2	40000.00	3100.00
944	2	0.2	40000.00	3100.00
945	2	0.2	40000.00	3100.00
946	2	0.2	40000.00	3100.00
947	2	0.2	40000.00	3100.00
948	2	0.2	40000.00	3100.00
949	2	0.2	40000.00	3100.00
950	2	0.2	40000.00	3100.00
951	2	0.2	40000.00	3100.00
952	2	0.2	40000.00	3100.00
953	2	0.2	40000.00	3100.00
954	2	0.2	40000.00	3100.00
955	2	0.2	40000.00	3100.00
956	2	0.2	40000.00	3100.00
957	2	0.2	40000.00	3100.00
958	2	0.2	40000.00	3100.00
959	2	0.2	40000.00	3100.00
960	2	0.2	40000.00	3100.00
961	2	0.2	40000.00	3100.00
962	2	0.2	40000.00	3100.00
963	2	0.2	40000.00	3100.00
964	2	0.2	40000.00	3100.00
965	2	0.2	40000.00	3100.00
966	2	0.2	40000.00	3100.00
967	2	0.2	40000.00	3100.00
968	2	0.2	40000.00	3100.00
969	2	0.2	40000.00	3100.00
970	2	0.2	40000.00	3100.00
971	2	0.2	40000.00	3100.00
972	2	0.2	40000.00	3100.00
973	2	0.2	40000.00	3100.00
974	2	0.2	40000.00	3100.00
975	2	0.2	40000.00	3100.00
976	2	0.2	40000.00	3100.00
977	2	0.2	40000.00	3100.00
978	2	0.2	40000.00	3100.00
979	2	0.2	40000.00	3100.00
980	2	0.2	40000.00	3100.00
981	2	0.2	40000.00	3100.00
982	2	0.2	40000.00	3100.00
983	2	0.2	40000.00	3100.00
984	2	0.2	40000.00	3100.00
985	2	0.2	40000.00	3100.00
986	2	0.2	40000.00	3100.00
987	2	0.2	40000.00	3100.00
988	2	0.2	40000.00	3100.00
989	2	0.2	40000.00	3100.00
990	2	0.2	40000.00	3100.00
991	2	0.2	40000.00	3100.00
992	2	0.2	40000.00	3100.00
993	2	0.2	40000.00	3100.00
994	2	0.2	40000.00	3100.00
995	2	0.2	40000.00	3100.00
996	2	0.2	40000.00	3100.00
997	2	0.2	40000.00	3100.00
998	2	0.2	40000.00	3100.00
999	2	0.2	40000.00	3100.00
1000	2	0.2	40000.00	3100.00
1001	2	0.2	40000.00	3100.00
1002	2	0.2	40000.00	3100.00
1003	2	0.2	40000.00	3100.00
1004	2	0.2	40000.00	3100.00
1005	2	0.2	40000.00	3100.00
1006	2	0.2	40000.00	3100.00
1007	2	0.2	40000.00	3100.00
1008	2	0.2	40000.00	3100.00
1009	2	0.2	40000.00	3100.00
1010	2	0.2	40000.00	3100.00
1011	2	0.2	40000.00	3100.00
1012	2	0.2	40000.00	3100.00
1013	2	0.2	40000.00	3100.00
1014	2	0.2	40000.00	3100.00
1015	2	0.2	40000.00	3100.00
1016	2	0.2	40000.00	3100.00
1017	2	0.2	40000.00	3100.00
1018	2	0.2	40000.00	3100.00
1019	2	0.2	40000.00	3100.00
1020	2	0.2	40000.00	3100.00
1021	2	0.2	40000.00	3100.00
1022	2	0.2	40000.00	3100.00
1023	2	0.2	40000.00	3100.00
1024	2	0.2	40000.00	3100.00
1025	2	0.2	40000.00	3100.00
1026	2	0.2	40000.00	3100.00
1027	2	0.2	40000.00	3100.00
1028	2	0.2	40000.00	3100.00
1029	2	0.2	40000.00	3100.00
1030	2	0.2	40000.00	3100.00
1031	2	0.2	40000.00	3100.00
1032	2	0.2	40000.00	3100.00
1033	2	0.2	40000.00	3100.00
1034	2	0.2	40000.00	3100.00
1035	2	0.2	40000.00	3100.00
1036	2	0.2	40000.00	3100.00
1037	2	0.2	40000.00	3100.00
1038	2	0.2	40000.00	3100.00
1039	2	0.2	40000.00	3100.00
1040	2	0.2	40000.00	3100.00
1041	2	0.2	40000.00	3100.00
1042	2	0.2	40000.00	3100.00
1043	2	0.2	40000.00	3100.00
1044	2	0.2	40000.00	3100.00
1045	2	0.2	40000.00	3100.00
1046	2	0.2	40000.00	3100.00
1047	2	0.2	40000.00	3100.00
1048	2	0.2	40000.00	3100.00
1049	2	0.2	40000.00	3100.00
1050	2	0.2	40000.00	3100.00
1051	2	0.2	40000.00	3100.00
1052	2	0.2	40000.00	3100.00
1053	2	0.2	40000.00	3100.00
1054	2	0.2	40000.00	3100.00
1055	2	0.2	40000.00	3100.00
1056	2	0.2	40000.00	3100.00
1057	2	0.2	40000.00	3100.00
1058	2	0.2	40000.00	3100.00
1059	2	0.2	40000.00	3100.00
1060	2	0.2	40000.00	3100.00
1061	2	0.2	40000.00	3100.00
1062	2	0.2	40000.00	3100.00
1063	2	0.2	40000.00	3100.00
1064	2	0.2	40000.00	3100.00
1065	2	0.2	40000.00	3100.00
1066	2	0.2	40000.00	3100.00
1067	2	0.2	40000.00	3100.00
1068	2	0.2	40000.00	3100.00
1069	2	0.2	40000.00	3100.00
1070	2	0.2	40000.00	3100.00
1071	2	0.2	40000.00	3100.00
1072	2	0.2	40000.00	3100.00
1073	2	0.2	40000.00	3100.00
1074	2	0.2	40000.00	3100.00
1075	2	0.2	40000.00	3100.00
1076	2	0.2	40000.00	3100.00
1077	2	0.2	40000.00	3100.00
1078	2	0.2	40000.00	3100.00
1079	2	0.2	40000.00	3100.00
1080	2	0.2	40000.00	3100.00
1081	2	0.2	40000.00	3100.00
1082	2	0.2	40000.00	3100.00
1083	2	0.2	40000.00	3100.00
1084	2	0.2	40000.00	3100.00
1085	2	0.2	40000.00	3100.00
1086	2	0.2	40000.00	3100.00
1087	2	0.2	40000.00	3100.00
1088	2	0.2	40000.00	3100.00
1089	2	0.2	40000.00	3100.00
1090	2	0.2	40000.00	3100.00
1091	2	0.2	40000.00	3100.00
1092	2	0.2	40000.00	3100.00
1093	2	0.2	40000.00	3100.00
1094	2	0.2	40000.00	3100.00
1095	2	0.2	40000.00	3100.00
1096	2	0.2	40000.00	3100.00
1097	2	0.2	40000.00	3100.00
1098	2	0.2	40000.00	3100.00
1099	2	0.2	40000.00	3100.00
1100	2	0.2	40000.00	3100.00
1101	2	0.2	40000.00	3100.00
1102	2	0.2	40000.00	3100.00
1103	2	0.2	40000.00	3100.00
1104	2	0.2	40000.00	3100.00
1105	2	0.2	40000.00	3100.00
1106	2	0.2	40000.00	3100.00
1107	2	0.2	40000.00	3100.00
1108	2	0.2	40000.00	3100.00
1109	2	0.2	40000.00	3100.00
1110	2	0.2	40000.00	3100.00
1111	2	0.2	40000.00	3100.00
1112	2	0.2	40000.00	3100.00
1113	2	0.2	40000.00	3100.00
1114	2	0.2	40000.00	3100.00
1115	2	0.2	40000.00	3100.00
1116	2	0.2	40000.00	3100.00
1117	2	0.2	40000.00	3100.00
1118	2	0.2	40000.00	3100.00
1119	2	0.2	40000.00	3100.00
1120	2	0.2	40000.00	3100.00
1121	2	0.2	40000.00	3100.00
1122	2	0.2	40000.00	3100.00
1123	2	0.2	40000.00	3100.00
1124	2	0.2	40000.00	3100.00
1125	2	0.2	40000.00	3100.00
1126	2	0.2	40000.00	3100.00
1127	2	0.2	40000.00	3100.00
1128	2	0.2	40000.00	3100.00
1129	2	0.2	40000.00	3100.00
1130	2	0.2	40000.00	3100.00
1131	2	0.2	40000.00	3100.00
1132	2	0.2	40000.00	3100.00
1133	2	0.2	40000.00	3100.00
1134	2	0.2	40000.00	3100.00
1135	2	0.2	40000.00	3100.00
1136	2	0.2	40000.00	3100.00
1137	2	0.2	40000.00	3100.00
1138	2	0.2	40000.00	3100.00
1139	2	0.2	40000.00	3100.00
1140	2	0.2	40000.00	3100.00
1141	2	0.2	40000.00	3100.00
1142	2	0.2	40000.00	3100.00
1143	2	0.2	40000.00	3100.00
1144	2	0.2	40000.00	3100.00
1145	2	0.2	40000.00	3100.00
1146	2	0.2	40000.00	3100.00
1147	2	0.2	40000.00	3100.00
1148	2	0.2	40000.00	3100.00
1149	2	0.2	40000.00	3100.00
1150	2	0.2	40000.00	3100.00
1151	2	0.2	40000.00	3100.00
1152	2	0.2	40000.00	3100.00
1153	2	0.2	40000.00	3100.00
1154	2	0.2	40000.00	3100.00
1155	2	0.2	40000.00	3100.00
1156	2	0.2	40000.00	3100.00
1157	2	0.2	40000.00	3100.00
1158	2	0.2	40000.00	3100.00
1159	2	0.2	40000.00	3100.00
1160	2	0.2	40000.00	3100.00
1161	2	0.2	40000.00	3100.00
1162	2	0.2	40000.00	3100.00
1163	2	0.2	40000.00	3100.00
1164	2	0.2	40000.00	3100.00
1165	2	0.2	40000.00	3100.00
1166	2	0.2	40000.00	3100.00
1167	2	0.2	40000.00	3100.00
1168	2	0.2	40000.00	3100.00
1169	2	0.2	40000.00	3100.00
1170	2	0.2	40000.00	3100.00
1171	2	0.2	40000.00	3100.00
1172	2	0.2	40000.00	3100.00
1173	2	0.2	40000.00	3100.00
1174	2	0.2	40000.00	3100.00
1175	2	0.2	40000.00	3100.00
1176	2	0.2	40000.00	3100.00
1177	2	0.2	40000.00	3100.00
1178	2	0.2	40000.00	3100.00
1179	2	0.2	40000.00	3100.00
1180	2	0.2	40000.00	3100.00
1181	2	0.2	40000.00	3100.00
1182	2	0.2	40000.00	3100.00
1183	2	0.2	40000.00	3100.00
1184	2	0.2	40000.00	3100.00
1185	2	0.2	40000.00	3100.00
1186	2	0.2	40000.00	3100.00
1187	2	0.2	40000.00	3100.00
1188	2	0.2	40000.00	3100.00
1189	2	0.2	40000.00	3100.00
1190	2	0.2	40000.00	3100.00
1191	2	0.2	40000.00	3100.00
1192	2	0.2	40000.00	3100.00
1193	2	0.2	40000.00	3100.00
1194	2	0.2	40000.00	3100.00
1195	2	0.2	40000.00	3100.00
1196	2	0.2	40000.00	3100.00
1197	2	0.2	40000.00	3100.00
1198	2	0.2	40000.00	3100.00
1199	2	0.2	40000.00	3100.00
1200	2	0.2	40000.00	3100.00
1201	2	0.2	40000.00	3100.00
1202	2	0.2	40000.00	3100.00
1203	2	0.2	40000.00	3100.00
1204	2	0.2	40000.00	3100.00
1205	2	0.2	40000.00	3100.00
1206	2	0.2	40000.00	3100.00
1207	2	0.2	40000.00	3100.00
1208	2	0.2	40000.00	3100.00
1209	2	0.2	40000.00	3100.00
1210	2	0.2	40000.00	3100.00
1211	2	0.2	40000.00	3100.00
1212	2	0.2	40000.00	3100.00
1213	2	0.2	40000.00	3100.00
1214	2	0.2	40000.00	3100.00
1215	2	0.2	40000.00	3100.00
1216	2	0.2	40000.00	3100.00
1217	2	0.2	40000.00	3100.00
1218	2	0.2	40000.00	3100.00
1219	2	0.2	40000.00	3100.00
1220	2	0.2	40000.00	3100.00
1221	2	0.2	40000.00	3100.00
1222	2	0.2	40000.00	3100.00
1223	2	0.2	40000.00	3100.00
1224	2	0.2	40000.00	3100.00
1225	2	0.2	40000.00	3100.00
1226	2	0.2	40000.00	3100.00
1227	2	0.2	40000.00	3100.00
1228	2	0.2	40000.00	3100.00
1229	2	0.2	40000.00	3100.00
1230	2	0.2	40000.00	3100.00
1231	2	0.2	40000.00	3100.00
1232	2	0.2	40000.00	3100.00
1233	2	0.2	40000.00	3100.00
1234	2	0.2	40000.00	3100.00
1235	2	0.2	40000.00	3100.00
1236	2	0.2	40000.00	3100.00
1237	2	0.2	40000.00	3100.00
1238	2	0.2	40000.00	3100.00
1239	2	0.2	40000.00	3100.00
1240	2	0.2	40000.00	3100.00
1241	2	0.2	40000.00	3100.00
1242	2	0.2	40000.00	3100.00
1243	2	0.2	40000.00	3100.00
1244	2	0.2	40000.00	3100.00
1245	2	0.2	40000.00	3100.00
1246	2	0.2	40000.00	3100.00
1247	2	0.2	40000.00	3100.00
1248	2	0.2	40000.00	3100.00
1249	2	0.2	40000.00	3100.00
1250	2	0.2	40000.00	3100.00
1251	1	0.4	1147.35	3100.00
1252	1	0.4	892.38	3100.00
1253	1	0.4	254.97	3100.00
1254	1	0.4	1147.35	3100.00
1255	1	0.4	637.41	3100.00
1256	1	0.4	509.94	3100.00
1257	1	0.4	1147.35	3100.00
1258	1	0.4	382.44	3100.00
1259	1	0.4	764.91	3100.00
1260	1	0.4	1147.35	3100.00
1261	1	0.4	127.47	3100.00
1262	1	0.4	1019.88	3100.00
1263	1	0.4	1019.85	3100.00
1264	1	0.4	127.50	3100.00
1265	1	0.4	1147.35	3100.00
1266	1	0.4	764.88	3100.00
1267	1	0.4	382.47	3100.00
1268	1	0.4	1147.35	3100.00
1269	1	0.4	509.91	3100.00
1270	1	0.4	637.44	3100.00
1271	1	0.4	1147.35	3100.00
1272	1	0.4	254.94	3100.00
1273	1	0.4	892.41	3100.00
1274	1	0.4	1147.31	3100.00
1275	1	0.4	1054.09	3100.00
1276	1	0.4	1054.09	3100.00
1277	1	0.4	1054.10	3100.00
1278	1	0.4	1054.08	3100.00
1279	1	0.4	1054.09	3100.00
1280	1	0.4	1054.11	3100.00
1281	1	0.4	1054.07	3100.00
1282	1	0.4	1054.09	3100.00
1283	1	0.4	1054.12	3100.00
1284	1	0.4	1054.07	3100.00
1285	1	0.4	1054.09	3100.00
1286	1	0.4	1054.13	3100.00
1287	1	0.4	1054.06	3100.00
1288	1	0.4	1054.09	3100.00
1289	1	0.4	1054.14	3100.00
1290	1	0.4	1008.85	3100.00
1291	1	0.4	1008.85	3100.00
1292	1	0.4	1008.85	3100.00
1293	1	0.4	1008.85	3100.00
1294	1	0.4	1008.85	3100.00
1295	1	0.4	1008.85	3100.00
1296	1	0.4	1008.85	3100.00
1297	1	0.4	504.47	3100.00
1298	1	0.4	504.38	3100.00
1299	1	0.4	1008.85	3100.00
1300	1	0.4	1008.85	3100.00
1301	1	0.4	1008.85	3100.00
1302	1	0.4	1008.85	3100.00
1303	1	0.4	1008.85	3100.00
1304	1	0.4	1008.85	3100.00
1305	1	0.4	1008.94	3100.00
1306	1	0.4	649.65	3100.00
1307	1	0.4	1191.12	3100.00
1308	1	0.4	108.25	3100.00
1309	1	0.4	1191.09	3100.00
1310	1	0.4	541.43	3100.00
1311	1	0.4	757.94	3100.00
1312	1	0.4	1082.83	3100.00
1313	1	0.4	216.54	3100.00
1314	1	0.4	1191.09	3100.00
1315	1	0.4	433.15	3100.00
1316	1	0.4	866.23	3100.00
1317	1	0.4	974.55	3100.00
1318	1	0.4	324.83	3100.00
1319	1	0.4	1191.09	3100.00
1320	1	0.4	324.86	3100.00
1321	1	0.4	974.51	3100.00
1322	1	0.4	866.26	3100.00
1323	1	0.4	433.11	3100.00
1324	1	0.4	1191.09	3100.00
1325	1	0.4	216.57	3100.00
1326	1	0.4	1082.80	3100.00
1327	1	0.4	757.97	3100.00
1328	1	0.4	541.40	3100.00
1329	1	0.4	1191.09	3100.00
1330	1	0.4	108.29	3100.00
1331	1	0.4	1191.09	3100.00
1332	1	0.4	649.69	3100.00
1333	1	0.4	1044.09	3100.00
1334	1	0.4	1044.03	3100.00
1335	1	0.4	1044.03	3100.00
1336	1	0.4	347.96	3100.00
1337	1	0.4	696.07	3100.00
1338	1	0.4	1044.03	3100.00
1339	1	0.4	1044.03	3100.00
1340	1	0.4	695.98	3100.00
1341	1	0.4	348.05	3100.00
1342	1	0.4	1044.03	3100.00
1343	1	0.4	1044.03	3100.00
1344	1	0.4	1044.00	3100.00
1345	1	0.4	1044.06	3100.00
1346	1	0.4	1044.03	3100.00
1347	1	0.4	1044.03	3100.00
1348	1	0.4	347.99	3100.00
1349	1	0.4	696.04	3100.00
1350	1	0.4	1044.03	3100.00
1351	1	0.4	1044.03	3100.00
1352	1	0.4	696.01	3100.00
1353	1	0.4	348.02	3100.00
1354	1	0.4	1044.03	3100.00
1355	1	0.4	1044.03	3100.00
1356	1	0.4	1044.03	3100.00
1357	1	0.4	600.94	3100.00
1358	1	0.4	1201.83	3100.00
1359	1	0.4	1201.86	3100.00
1360	1	0.4	600.91	3100.00
1361	1	0.4	600.94	3100.00
1362	1	0.4	1201.84	3100.00
1363	1	0.4	1201.86	3100.00
1364	1	0.4	600.91	3100.00
1365	1	0.4	600.93	3100.00
1366	1	0.4	1201.84	3100.00
1367	1	0.4	1201.86	3100.00
1368	1	0.4	600.92	3100.00
1369	1	0.4	600.93	3100.00
1370	1	0.4	1201.85	3100.00
1371	1	0.4	1201.85	3100.00
1372	1	0.4	600.92	3100.00
1373	1	0.4	1054.13	3100.00
1374	1	0.4	1054.09	3100.00
1375	1	0.4	1054.07	3100.00
1376	1	0.4	1054.12	3100.00
1377	1	0.4	1054.09	3100.00
1378	1	0.4	1054.07	3100.00
1379	1	0.4	1054.11	3100.00
1380	1	0.4	1054.09	3100.00
1381	1	0.4	1054.08	3100.00
1382	1	0.4	1054.10	3100.00
1383	1	0.4	1054.09	3100.00
1384	1	0.4	1054.09	3100.00
1385	1	0.4	1301.71	3100.00
1386	1	0.4	260.34	3100.00
1387	1	0.4	1041.37	3100.00
1388	1	0.4	520.68	3100.00
1389	1	0.4	781.03	3100.00
1390	1	0.4	781.02	3100.00
1391	1	0.4	520.69	3100.00
1392	1	0.4	1041.36	3100.00
1393	1	0.4	260.35	3100.00
1394	1	0.4	1301.70	3100.00
1395	1	0.4	1301.72	3100.00
1396	1	0.4	260.33	3100.00
1397	1	0.4	1041.38	3100.00
1398	1	0.4	520.67	3100.00
1399	1	0.4	781.04	3100.00
1400	1	0.4	781.01	3100.00
1401	1	0.4	520.70	3100.00
1402	1	0.4	1041.35	3100.00
1403	1	0.4	260.36	3100.00
1404	1	0.4	1301.69	3100.00
1405	1	0.4	378.49	3100.00
1406	1	0.4	1261.63	3100.00
1407	1	0.4	756.98	3100.00
1408	1	0.4	883.14	3100.00
1409	1	0.4	1135.47	3100.00
1410	1	0.4	504.65	3100.00
1411	1	0.4	252.33	3100.00
1412	1	0.4	1261.63	3100.00
1413	1	0.4	126.16	3100.00
1414	1	0.4	630.82	3100.00
1415	1	0.4	1009.30	3100.00
1416	1	0.4	1009.31	3100.00
1417	1	0.4	630.81	3100.00
1418	1	0.4	126.16	3100.00
1419	1	0.4	1261.63	3100.00
1420	1	0.4	252.32	3100.00
1421	1	0.4	504.65	3100.00
1422	1	0.4	1135.47	3100.00
1423	1	0.4	883.14	3100.00
1424	1	0.4	756.98	3100.00
1425	1	0.4	1261.63	3100.00
1426	1	0.4	378.49	3100.00
1427	1	0.4	1337.97	3100.00
1428	1	0.4	167.23	3100.00
1429	1	0.4	1170.72	3100.00
1430	1	0.4	334.48	3100.00
1431	1	0.4	1003.48	3100.00
1432	1	0.4	501.72	3100.00
1433	1	0.4	836.23	3100.00
1434	1	0.4	668.97	3100.00
1435	1	0.4	668.99	3100.00
1436	1	0.4	836.22	3100.00
1437	1	0.4	501.74	3100.00
1438	1	0.4	1003.46	3100.00
1439	1	0.4	334.49	3100.00
1440	1	0.4	1170.71	3100.00
1441	1	0.4	167.25	3100.00
1442	1	0.4	1337.95	3100.00
1443	1	0.4	1098.43	3100.00
1444	1	0.4	1098.46	3100.00
1445	1	0.4	219.71	3100.00
1446	1	0.4	878.75	3100.00
1447	1	0.4	1098.46	3100.00
1448	1	0.4	439.40	3100.00
1449	1	0.4	659.06	3100.00
1450	1	0.4	1098.46	3100.00
1451	1	0.4	659.09	3100.00
1452	1	0.4	439.37	3100.00
1453	1	0.4	1098.46	3100.00
1454	1	0.4	878.77	3100.00
1455	1	0.4	219.69	3100.00
1456	1	0.4	1098.46	3100.00
1457	1	0.4	1098.46	3100.00
1458	1	0.4	1091.50	3100.00
1459	1	0.4	1091.52	3100.00
1460	1	0.4	779.64	3100.00
1461	1	0.4	311.88	3100.00
1462	1	0.4	1091.52	3100.00
1463	1	0.4	467.78	3100.00
1464	1	0.4	623.74	3100.00
1465	1	0.4	1091.52	3100.00
1466	1	0.4	155.92	3100.00
1467	1	0.4	935.60	3100.00
1468	1	0.4	1091.52	3100.00
1469	1	0.4	1091.52	3100.00
1470	1	0.4	935.58	3100.00
1471	1	0.4	155.94	3100.00
1472	1	0.4	1091.52	3100.00
1473	1	0.4	623.72	3100.00
1474	1	0.4	467.80	3100.00
1475	1	0.4	1091.52	3100.00
1476	1	0.4	311.86	3100.00
1477	1	0.4	779.66	3100.00
1478	1	0.4	1091.52	3100.00
1479	1	0.4	1091.52	3100.00
1480	1	0.4	1201.85	3100.00
1481	1	0.4	600.92	3100.00
1482	1	0.4	600.93	3100.00
1483	1	0.4	1201.85	3100.00
1484	1	0.4	1201.86	3100.00
1485	1	0.4	600.92	3100.00
1486	1	0.4	600.93	3100.00
1487	1	0.4	1201.84	3100.00
1488	1	0.4	1201.86	3100.00
1489	1	0.4	600.91	3100.00
1490	1	0.4	600.94	3100.00
1491	1	0.4	1201.84	3100.00
1492	1	0.4	1201.86	3100.00
1493	1	0.4	600.91	3100.00
1494	1	0.4	600.94	3100.00
1495	1	0.4	1201.83	3100.00
1496	1	0.4	362.66	3100.00
1497	1	0.4	1087.97	3100.00
1498	1	0.4	1087.96	3100.00
1499	1	0.4	725.32	3100.00
1500	1	0.4	1087.97	3100.00
1501	1	0.4	725.31	3100.00
1502	1	0.4	1087.97	3100.00
1503	1	0.4	1087.97	3100.00
1504	1	0.4	362.65	3100.00
1505	1	0.4	362.66	3100.00
1506	1	0.4	1087.97	3100.00
1507	1	0.4	1087.96	3100.00
1508	1	0.4	725.31	3100.00
1509	1	0.4	1087.97	3100.00
1510	1	0.4	725.31	3100.00
1511	1	0.4	1087.97	3100.00
1512	1	0.4	1087.97	3100.00
1513	1	0.4	362.65	3100.00
1514	1	0.4	1414.21	3100.00
1515	1	0.4	1414.21	3100.00
1516	1	0.4	1414.21	3100.00
1517	1	0.4	1414.21	3100.00
1518	1	0.4	1414.21	3100.00
1519	1	0.4	1414.21	3100.00
1520	1	0.4	1414.21	3100.00
1521	1	0.4	1118.05	3100.00
1522	1	0.4	1118.01	3100.00
1523	1	0.4	1118.05	3100.00
1524	1	0.4	1118.02	3100.00
1525	1	0.4	1118.04	3100.00
1526	1	0.4	1118.02	3100.00
1527	1	0.4	1118.04	3100.00
1528	1	0.4	1118.02	3100.00
1529	1	0.4	1118.03	3100.00
1530	1	0.4	1118.03	3100.00
1531	1	0.4	1240.07	3100.00
1532	1	0.4	450.94	3100.00
1533	1	0.4	789.13	3100.00
1534	1	0.4	901.87	3100.00
1535	1	0.4	338.20	3100.00
1536	1	0.4	1240.07	3100.00
1537	1	0.4	112.74	3100.00
1538	1	0.4	1127.33	3100.00
1539	1	0.4	563.68	3100.00
1540	1	0.4	676.39	3100.00
1541	1	0.4	1014.62	3100.00
1542	1	0.4	225.46	3100.00
1543	1	0.4	1240.07	3100.00
1544	1	0.4	225.48	3100.00
1545	1	0.4	1014.59	3100.00
1546	1	0.4	676.42	3100.00
1547	1	0.4	563.65	3100.00
1548	1	0.4	1127.36	3100.00
1549	1	0.4	112.72	3100.00
1550	1	0.4	1240.07	3100.00
1551	1	0.4	338.22	3100.00
1552	1	0.4	901.85	3100.00
1553	1	0.4	789.16	3100.00
1554	1	0.4	450.91	3100.00
1555	1	0.4	1240.10	3100.00
1556	1	0.4	711.99	3100.00
1557	1	0.4	1068.00	3100.00
1558	1	0.4	1068.02	3100.00
1559	1	0.4	355.99	3100.00
1560	1	0.4	1068.00	3100.00
1561	1	0.4	1068.00	3100.00
1562	1	0.4	356.01	3100.00
1563	1	0.4	1068.00	3100.00
1564	1	0.4	1068.00	3100.00
1565	1	0.4	712.01	3100.00
1566	1	0.4	1135.73	3100.00
1567	1	0.4	973.53	3100.00
1568	1	0.4	162.23	3100.00
1569	1	0.4	1135.76	3100.00
1570	1	0.4	811.27	3100.00
1571	1	0.4	324.48	3100.00
1572	1	0.4	1135.76	3100.00
1573	1	0.4	649.02	3100.00
1574	1	0.4	486.74	3100.00
1575	1	0.4	1135.76	3100.00
1576	1	0.4	486.76	3100.00
1577	1	0.4	648.99	3100.00
1578	1	0.4	1135.76	3100.00
1579	1	0.4	324.51	3100.00
1580	1	0.4	811.25	3100.00
1581	1	0.4	1135.76	3100.00
1582	1	0.4	162.25	3100.00
1583	1	0.4	973.50	3100.00
1584	1	0.4	1135.76	3100.00
1585	1	0.4	1228.90	3100.00
1586	1	0.4	491.57	3100.00
1587	1	0.4	737.34	3100.00
1588	1	0.4	983.13	3100.00
1589	1	0.4	245.78	3100.00
1590	1	0.4	1228.90	3100.00
1591	1	0.4	245.78	3100.00
1592	1	0.4	983.12	3100.00
1593	1	0.4	737.34	3100.00
1594	1	0.4	491.56	3100.00
1595	1	0.4	1228.90	3100.00
1596	1	0.4	1317.08	3100.00
1597	1	0.4	1097.56	3100.00
1598	1	0.4	219.51	3100.00
1599	1	0.4	878.05	3100.00
1600	1	0.4	439.03	3100.00
1601	1	0.4	658.54	3100.00
1602	1	0.4	658.54	3100.00
1603	1	0.4	439.03	3100.00
1604	1	0.4	878.05	3100.00
1605	1	0.4	219.51	3100.00
1606	1	0.4	1097.57	3100.00
1607	1	0.4	1317.08	3100.00
1608	1	0.4	1030.80	3100.00
1609	1	0.4	1030.78	3100.00
1610	1	0.4	1030.78	3100.00
1611	1	0.4	1030.76	3100.00
1612	1	0.4	1030.79	3100.00
1613	1	0.4	1030.78	3100.00
1614	1	0.4	1030.78	3100.00
1615	1	0.4	1030.78	3100.00
1616	1	0.4	463.70	3100.00
1617	1	0.4	1236.48	3100.00
1618	1	0.4	927.38	3100.00
1619	1	0.4	772.80	3100.00
1620	1	0.4	154.57	3100.00
1621	1	0.4	1236.50	3100.00
1622	1	0.4	309.11	3100.00
1623	1	0.4	618.26	3100.00
1624	1	0.4	1081.93	3100.00
1625	1	0.4	1081.94	3100.00
1626	1	0.4	618.24	3100.00
1627	1	0.4	309.13	3100.00
1628	1	0.4	1236.50	3100.00
1629	1	0.4	154.56	3100.00
1630	1	0.4	772.81	3100.00
1631	1	0.4	927.37	3100.00
1632	1	0.4	1236.50	3100.00
1633	1	0.4	463.68	3100.00
1634	1	0.4	1077.04	3100.00
1635	1	0.4	1077.03	3100.00
1636	1	0.4	538.52	3100.00
1637	1	0.4	538.52	3100.00
1638	1	0.4	1077.03	3100.00
1639	1	0.4	1077.03	3100.00
1640	1	0.4	1301.70	3100.00
1641	1	0.4	1041.36	3100.00
1642	1	0.4	260.35	3100.00
1643	1	0.4	781.02	3100.00
1644	1	0.4	520.69	3100.00
1645	1	0.4	520.68	3100.00
1646	1	0.4	781.03	3100.00
1647	1	0.4	260.34	3100.00
1648	1	0.4	1041.37	3100.00
1649	1	0.4	1301.71	3100.00
1650	1	0.4	1010.15	3100.00
1651	1	0.4	1010.15	3100.00
1652	1	0.4	1010.15	3100.00
1653	1	0.4	1010.15	3100.00
1654	1	0.4	1010.15	3100.00
1655	1	0.4	1010.15	3100.00
1656	1	0.4	1010.15	3100.00
1657	1	0.4	1068.02	3100.00
1658	1	0.4	1068.00	3100.00
1659	1	0.4	711.99	3100.00
1660	1	0.4	356.01	3100.00
1661	1	0.4	1068.00	3100.00
1662	1	0.4	1068.00	3100.00
1663	1	0.4	355.99	3100.00
1664	1	0.4	712.01	3100.00
1665	1	0.4	1068.00	3100.00
1666	1	0.4	1068.00	3100.00
1667	1	0.4	1054.07	3100.00
1668	1	0.4	1054.09	3100.00
1669	1	0.4	1054.12	3100.00
1670	1	0.4	1054.08	3100.00
1671	1	0.4	1054.09	3100.00
1672	1	0.4	1054.11	3100.00
1673	1	0.4	1054.09	3100.00
1674	1	0.4	1054.09	3100.00
1675	1	0.4	1054.10	3100.00
1676	1	0.4	1201.84	3100.00
1677	1	0.4	600.92	3100.00
1678	1	0.4	600.93	3100.00
1679	1	0.4	1201.86	3100.00
1680	1	0.4	1201.85	3100.00
1681	1	0.4	600.92	3100.00
1682	1	0.4	600.93	3100.00
1683	1	0.4	1201.85	3100.00
1684	1	0.4	1414.21	3100.00
1685	1	0.4	1414.21	3100.00
1686	1	0.4	1087.96	3100.00
1687	1	0.4	1087.97	3100.00
1688	1	0.4	362.66	3100.00
1689	1	0.4	725.31	3100.00
1690	1	0.4	1087.97	3100.00
1691	1	0.4	725.31	3100.00
1692	1	0.4	362.65	3100.00
1693	1	0.4	1087.97	3100.00
1694	1	0.4	1087.97	3100.00
