1		2		1		6.328105E-02
1		51		1		6.328105E-02
2		3		1		6.328105E-02
2		52		1		6.328105E-02
3		4		1		6.328105E-02
3		53		1		6.328105E-02
4		5		1		6.328105E-02
4		54		1		6.328105E-02
5		6		1		6.328105E-02
5		55		1		6.328105E-02
6		7		1		6.328105E-02
6		56		1		6.328105E-02
7		8		1		6.328105E-02
7		57		1		6.328105E-02
8		9		1		6.328105E-02
8		58		1		6.328105E-02
9		10		1		6.328105E-02
9		59		1		6.328105E-02
10		11		1		6.328105E-02
10		60		1		6.328105E-02
11		12		1		6.328105E-02
11		61		1		6.328105E-02
12		13		1		6.328105E-02
12		62		1		6.328105E-02
13		14		1		6.328105E-02
13		63		1		6.328105E-02
14		15		1		6.328105E-02
14		64		1		6.328105E-02
15		16		1		6.328105E-02
15		65		1		6.328105E-02
16		17		1		6.328105E-02
16		66		1		6.328105E-02
17		18		1		6.328105E-02
17		67		1		6.328105E-02
18		19		1		6.328105E-02
18		68		1		6.328105E-02
19		20		1		6.328105E-02
19		69		1		6.328105E-02
20		21		1		6.328105E-02
20		70		1		6.328105E-02
21		22		1		6.328105E-02
21		71		1		6.328105E-02
22		23		1		6.328105E-02
22		72		1		6.328105E-02
23		24		1		6.328105E-02
23		73		1		6.328105E-02
24		25		1		6.328105E-02
24		74		1		6.328105E-02
25		26		1		6.328105E-02
25		75		1		6.328105E-02
26		27		1		6.328105E-02
26		76		1		6.328105E-02
27		28		1		6.328105E-02
27		77		1		6.328105E-02
28		29		1		6.328105E-02
28		78		1		6.328105E-02
29		30		1		6.328105E-02
29		79		1		6.328105E-02
30		31		1		6.328105E-02
30		80		1		6.328105E-02
31		32		1		6.328105E-02
31		81		1		6.328105E-02
32		33		1		6.328105E-02
32		82		1		6.328105E-02
33		34		1		6.328105E-02
33		83		1		6.328105E-02
34		35		1		6.328105E-02
34		84		1		6.328105E-02
35		36		1		6.328105E-02
35		85		1		6.328105E-02
36		37		1		6.328105E-02
36		86		1		6.328105E-02
37		38		1		6.328105E-02
37		87		1		6.328105E-02
38		39		1		6.328105E-02
38		88		1		6.328105E-02
39		40		1		6.328105E-02
39		89		1		6.328105E-02
40		41		1		6.328105E-02
40		90		1		6.328105E-02
41		42		1		6.328105E-02
41		91		1		6.328105E-02
42		43		1		6.328105E-02
42		92		1		6.328105E-02
43		44		1		6.328105E-02
43		93		1		6.328105E-02
44		45		1		6.328105E-02
44		94		1		6.328105E-02
45		46		1		6.328105E-02
45		95		1		6.328105E-02
46		47		1		6.328105E-02
46		96		1		6.328105E-02
47		48		1		6.328105E-02
47		97		1		6.328105E-02
48		49		1		6.328105E-02
48		98		1		6.328105E-02
49		50		1		6.328105E-02
49		99		1		6.328105E-02
50		100		1		6.328105E-02
51		52		1		6.328105E-02
51		101		1		6.328105E-02
52		53		1		6.328105E-02
52		102		1		6.328105E-02
53		54		1		6.328105E-02
53		103		1		6.328105E-02
54		55		1		6.328105E-02
54		104		1		6.328105E-02
55		56		1		6.328105E-02
55		105		1		6.328105E-02
56		57		1		6.328105E-02
56		106		1		6.328105E-02
57		58		1		6.328105E-02
57		107		1		6.328105E-02
58		59		1		6.328105E-02
58		108		1		6.328105E-02
59		60		1		6.328105E-02
59		109		1		6.328105E-02
60		61		1		6.328105E-02
60		110		1		6.328105E-02
61		62		1		6.328105E-02
61		111		1		6.328105E-02
62		63		1		6.328105E-02
62		112		1		6.328105E-02
63		64		1		6.328105E-02
63		113		1		6.328105E-02
64		65		1		6.328105E-02
64		114		1		6.328105E-02
65		66		1		6.328105E-02
65		115		1		6.328105E-02
66		67		1		6.328105E-02
66		116		1		6.328105E-02
67		68		1		6.328105E-02
67		117		1		6.328105E-02
68		69		1		6.328105E-02
68		118		1		6.328105E-02
69		70		1		6.328105E-02
69		119		1		6.328105E-02
70		71		1		6.328105E-02
70		120		1		6.328105E-02
71		72		1		6.328105E-02
71		121		1		6.328105E-02
72		73		1		6.328105E-02
72		122		1		6.328105E-02
73		74		1		6.328105E-02
73		123		1		6.328105E-02
74		75		1		6.328105E-02
74		124		1		6.328105E-02
75		76		1		6.328105E-02
75		125		1		6.328105E-02
76		77		1		6.328105E-02
76		126		1		6.328105E-02
77		78		1		6.328105E-02
77		127		1		6.328105E-02
78		79		1		6.328105E-02
78		128		1		6.328105E-02
79		80		1		6.328105E-02
79		129		1		6.328105E-02
80		81		1		6.328105E-02
80		130		1		6.328105E-02
81		82		1		6.328105E-02
81		131		1		6.328105E-02
82		83		1		6.328105E-02
82		132		1		6.328105E-02
83		84		1		6.328105E-02
83		133		1		6.328105E-02
84		85		1		6.328105E-02
84		134		1		6.328105E-02
85		86		1		6.328105E-02
85		135		1		6.328105E-02
86		87		1		6.328105E-02
86		136		1		6.328105E-02
87		88		1		6.328105E-02
87		137		1		6.328105E-02
88		89		1		6.328105E-02
88		138		1		6.328105E-02
89		90		1		6.328105E-02
89		139		1		6.328105E-02
90		91		1		6.328105E-02
90		140		1		6.328105E-02
91		92		1		6.328105E-02
91		141		1		6.328105E-02
92		93		1		6.328105E-02
92		142		1		6.328105E-02
93		94		1		6.328105E-02
93		143		1		6.328105E-02
94		95		1		6.328105E-02
94		144		1		6.328105E-02
95		96		1		6.328105E-02
95		145		1		6.328105E-02
96		97		1		6.328105E-02
96		146		1		6.328105E-02
97		98		1		6.328105E-02
97		147		1		6.328105E-02
98		99		1		6.328105E-02
98		148		1		6.328105E-02
99		100		1		6.328105E-02
99		149		1		6.328105E-02
100		150		1		6.328105E-02
101		102		1		6.328105E-02
101		151		1		6.328105E-02
102		103		1		6.328105E-02
102		152		1		6.328105E-02
103		104		1		6.328105E-02
103		153		1		6.328105E-02
104		105		1		6.328105E-02
104		154		1		6.328105E-02
105		106		1		6.328105E-02
105		155		1		6.328105E-02
106		107		1		6.328105E-02
106		156		1		6.328105E-02
107		108		1		6.328105E-02
107		157		1		6.328105E-02
108		109		1		6.328105E-02
108		158		1		6.328105E-02
109		110		1		6.328105E-02
109		159		1		6.328105E-02
110		111		1		6.328105E-02
110		160		1		6.328105E-02
111		112		1		6.328105E-02
111		161		1		6.328105E-02
112		113		1		6.328105E-02
112		162		1		6.328105E-02
113		114		1		6.328105E-02
113		163		1		6.328105E-02
114		115		1		6.328105E-02
114		164		1		6.328105E-02
115		116		1		6.328105E-02
115		165		1		6.328105E-02
116		117		1		6.328105E-02
116		166		1		6.328105E-02
117		118		1		6.328105E-02
117		167		1		6.328105E-02
118		119		1		6.328105E-02
118		168		1		6.328105E-02
119		120		1		6.328105E-02
119		169		1		6.328105E-02
120		121		1		6.328105E-02
120		170		1		6.328105E-02
121		122		1		6.328105E-02
121		171		1		6.328105E-02
122		123		1		6.328105E-02
122		172		1		6.328105E-02
123		124		1		6.328105E-02
123		173		1		6.328105E-02
124		125		1		6.328105E-02
124		174		1		6.328105E-02
125		126		1		6.328105E-02
125		175		1		6.328105E-02
126		127		1		6.328105E-02
126		176		1		6.328105E-02
127		128		1		6.328105E-02
127		177		1		6.328105E-02
128		129		1		6.328105E-02
128		178		1		6.328105E-02
129		130		1		6.328105E-02
129		179		1		6.328105E-02
130		131		1		6.328105E-02
130		180		1		6.328105E-02
131		132		1		6.328105E-02
131		181		1		6.328105E-02
132		133		1		6.328105E-02
132		182		1		6.328105E-02
133		134		1		6.328105E-02
133		183		1		6.328105E-02
134		135		1		6.328105E-02
134		184		1		6.328105E-02
135		136		1		6.328105E-02
135		185		1		6.328105E-02
136		137		1		6.328105E-02
136		186		1		6.328105E-02
137		138		1		6.328105E-02
137		187		1		6.328105E-02
138		139		1		6.328105E-02
138		188		1		6.328105E-02
139		140		1		6.328105E-02
139		189		1		6.328105E-02
140		141		1		6.328105E-02
140		190		1		6.328105E-02
141		142		1		6.328105E-02
141		191		1		6.328105E-02
142		143		1		6.328105E-02
142		192		1		6.328105E-02
143		144		1		6.328105E-02
143		193		1		6.328105E-02
144		145		1		6.328105E-02
144		194		1		6.328105E-02
145		146		1		6.328105E-02
145		195		1		6.328105E-02
146		147		1		6.328105E-02
146		196		1		6.328105E-02
147		148		1		6.328105E-02
147		197		1		6.328105E-02
148		149		1		6.328105E-02
148		198		1		6.328105E-02
149		150		1		6.328105E-02
149		199		1		6.328105E-02
150		200		1		6.328105E-02
151		152		1		6.328105E-02
151		201		1		6.328105E-02
152		153		1		6.328105E-02
152		202		1		6.328105E-02
153		154		1		6.328105E-02
153		203		1		6.328105E-02
154		155		1		6.328105E-02
154		204		1		6.328105E-02
155		156		1		6.328105E-02
155		205		1		6.328105E-02
156		157		1		6.328105E-02
156		206		1		6.328105E-02
157		158		1		6.328105E-02
157		207		1		6.328105E-02
158		159		1		6.328105E-02
158		208		1		6.328105E-02
159		160		1		6.328105E-02
159		209		1		6.328105E-02
160		161		1		6.328105E-02
160		210		1		6.328105E-02
161		162		1		6.328105E-02
161		211		1		6.328105E-02
162		163		1		6.328105E-02
162		212		1		6.328105E-02
163		164		1		6.328105E-02
163		213		1		6.328105E-02
164		165		1		6.328105E-02
164		214		1		6.328105E-02
165		166		1		6.328105E-02
165		215		1		6.328105E-02
166		167		1		6.328105E-02
166		216		1		6.328105E-02
167		168		1		6.328105E-02
167		217		1		6.328105E-02
168		169		1		6.328105E-02
168		218		1		6.328105E-02
169		170		1		6.328105E-02
169		219		1		6.328105E-02
170		171		1		6.328105E-02
170		220		1		6.328105E-02
171		172		1		6.328105E-02
171		221		1		6.328105E-02
172		173		1		6.328105E-02
172		222		1		6.328105E-02
173		174		1		6.328105E-02
173		223		1		6.328105E-02
174		175		1		6.328105E-02
174		224		1		6.328105E-02
175		176		1		6.328105E-02
175		225		1		6.328105E-02
176		177		1		6.328105E-02
176		226		1		6.328105E-02
177		178		1		6.328105E-02
177		227		1		6.328105E-02
178		179		1		6.328105E-02
178		228		1		6.328105E-02
179		180		1		6.328105E-02
179		229		1		6.328105E-02
180		181		1		6.328105E-02
180		230		1		6.328105E-02
181		182		1		6.328105E-02
181		231		1		6.328105E-02
182		183		1		6.328105E-02
182		232		1		6.328105E-02
183		184		1		6.328105E-02
183		233		1		6.328105E-02
184		185		1		6.328105E-02
184		234		1		6.328105E-02
185		186		1		6.328105E-02
185		235		1		6.328105E-02
186		187		1		6.328105E-02
186		236		1		6.328105E-02
187		188		1		6.328105E-02
187		237		1		6.328105E-02
188		189		1		6.328105E-02
188		238		1		6.328105E-02
189		190		1		6.328105E-02
189		239		1		6.328105E-02
190		191		1		6.328105E-02
190		240		1		6.328105E-02
191		192		1		6.328105E-02
191		241		1		6.328105E-02
192		193		1		6.328105E-02
192		242		1		6.328105E-02
193		194		1		6.328105E-02
193		243		1		6.328105E-02
194		195		1		6.328105E-02
194		244		1		6.328105E-02
195		196		1		6.328105E-02
195		245		1		6.328105E-02
196		197		1		6.328105E-02
196		246		1		6.328105E-02
197		198		1		6.328105E-02
197		247		1		6.328105E-02
198		199		1		6.328105E-02
198		248		1		6.328105E-02
199		200		1		6.328105E-02
199		249		1		6.328105E-02
200		250		1		6.328105E-02
201		202		1		6.328105E-02
201		251		1		6.328105E-02
202		203		1		6.328105E-02
202		252		1		6.328105E-02
203		204		1		6.328105E-02
203		253		1		6.328105E-02
204		205		1		6.328105E-02
204		254		1		6.328105E-02
205		206		1		6.328105E-02
205		255		1		6.328105E-02
206		207		1		6.328105E-02
206		256		1		6.328105E-02
207		208		1		6.328105E-02
207		257		1		6.328105E-02
208		209		1		6.328105E-02
208		258		1		6.328105E-02
209		210		1		6.328105E-02
209		259		1		6.328105E-02
210		211		1		6.328105E-02
210		260		1		6.328105E-02
211		212		1		6.328105E-02
211		261		1		6.328105E-02
212		213		1		6.328105E-02
212		262		1		6.328105E-02
213		214		1		6.328105E-02
213		263		1		6.328105E-02
214		215		1		6.328105E-02
214		264		1		6.328105E-02
215		216		1		6.328105E-02
215		265		1		6.328105E-02
216		217		1		6.328105E-02
216		266		1		6.328105E-02
217		218		1		6.328105E-02
217		267		1		6.328105E-02
218		219		1		6.328105E-02
218		268		1		6.328105E-02
219		220		1		6.328105E-02
219		269		1		6.328105E-02
220		221		1		6.328105E-02
220		270		1		6.328105E-02
221		222		1		6.328105E-02
221		271		1		6.328105E-02
222		223		1		6.328105E-02
222		272		1		6.328105E-02
223		224		1		6.328105E-02
223		273		1		6.328105E-02
224		225		1		6.328105E-02
224		274		1		6.328105E-02
225		226		1		6.328105E-02
225		275		1		6.328105E-02
226		227		1		6.328105E-02
226		276		1		6.328105E-02
227		228		1		6.328105E-02
227		277		1		6.328105E-02
228		229		1		6.328105E-02
228		278		1		6.328105E-02
229		230		1		6.328105E-02
229		279		1		6.328105E-02
230		231		1		6.328105E-02
230		280		1		6.328105E-02
231		232		1		6.328105E-02
231		281		1		6.328105E-02
232		233		1		6.328105E-02
232		282		1		6.328105E-02
233		234		1		6.328105E-02
233		283		1		6.328105E-02
234		235		1		6.328105E-02
234		284		1		6.328105E-02
235		236		1		6.328105E-02
235		285		1		6.328105E-02
236		237		1		6.328105E-02
236		286		1		6.328105E-02
237		238		1		6.328105E-02
237		287		1		6.328105E-02
238		239		1		6.328105E-02
238		288		1		6.328105E-02
239		240		1		6.328105E-02
239		289		1		6.328105E-02
240		241		1		6.328105E-02
240		290		1		6.328105E-02
241		242		1		6.328105E-02
241		291		1		6.328105E-02
242		243		1		6.328105E-02
242		292		1		6.328105E-02
243		244		1		6.328105E-02
243		293		1		6.328105E-02
244		245		1		6.328105E-02
244		294		1		6.328105E-02
245		246		1		6.328105E-02
245		295		1		6.328105E-02
246		247		1		6.328105E-02
246		296		1		6.328105E-02
247		248		1		6.328105E-02
247		297		1		6.328105E-02
248		249		1		6.328105E-02
248		298		1		6.328105E-02
249		250		1		6.328105E-02
249		299		1		6.328105E-02
250		300		1		6.328105E-02
251		252		1		6.328105E-02
251		301		1		6.328105E-02
252		253		1		6.328105E-02
252		302		1		6.328105E-02
253		254		1		6.328105E-02
253		303		1		6.328105E-02
254		255		1		6.328105E-02
254		304		1		6.328105E-02
255		256		1		6.328105E-02
255		305		1		6.328105E-02
256		257		1		6.328105E-02
256		306		1		6.328105E-02
257		258		1		6.328105E-02
257		307		1		6.328105E-02
258		259		1		6.328105E-02
258		308		1		6.328105E-02
259		260		1		6.328105E-02
259		309		1		6.328105E-02
260		261		1		6.328105E-02
260		310		1		6.328105E-02
261		262		1		6.328105E-02
261		311		1		6.328105E-02
262		263		1		6.328105E-02
262		312		1		6.328105E-02
263		264		1		6.328105E-02
263		313		1		6.328105E-02
264		265		1		6.328105E-02
264		314		1		6.328105E-02
265		266		1		6.328105E-02
265		315		1		6.328105E-02
266		267		1		6.328105E-02
266		316		1		6.328105E-02
267		268		1		6.328105E-02
267		317		1		6.328105E-02
268		269		1		6.328105E-02
268		318		1		6.328105E-02
269		270		1		6.328105E-02
269		319		1		6.328105E-02
270		271		1		6.328105E-02
270		320		1		6.328105E-02
271		272		1		6.328105E-02
271		321		1		6.328105E-02
272		273		1		6.328105E-02
272		322		1		6.328105E-02
273		274		1		6.328105E-02
273		323		1		6.328105E-02
274		275		1		6.328105E-02
274		324		1		6.328105E-02
275		276		1		6.328105E-02
275		325		1		6.328105E-02
276		277		1		6.328105E-02
276		326		1		6.328105E-02
277		278		1		6.328105E-02
277		327		1		6.328105E-02
278		279		1		6.328105E-02
278		328		1		6.328105E-02
279		280		1		6.328105E-02
279		329		1		6.328105E-02
280		281		1		6.328105E-02
280		330		1		6.328105E-02
281		282		1		6.328105E-02
281		331		1		6.328105E-02
282		283		1		6.328105E-02
282		332		1		6.328105E-02
283		284		1		6.328105E-02
283		333		1		6.328105E-02
284		285		1		6.328105E-02
284		334		1		6.328105E-02
285		286		1		6.328105E-02
285		335		1		6.328105E-02
286		287		1		6.328105E-02
286		336		1		6.328105E-02
287		288		1		6.328105E-02
287		337		1		6.328105E-02
288		289		1		6.328105E-02
288		338		1		6.328105E-02
289		290		1		6.328105E-02
289		339		1		6.328105E-02
290		291		1		6.328105E-02
290		340		1		6.328105E-02
291		292		1		6.328105E-02
291		341		1		6.328105E-02
292		293		1		6.328105E-02
292		342		1		6.328105E-02
293		294		1		6.328105E-02
293		343		1		6.328105E-02
294		295		1		6.328105E-02
294		344		1		6.328105E-02
295		296		1		6.328105E-02
295		345		1		6.328105E-02
296		297		1		6.328105E-02
296		346		1		6.328105E-02
297		298		1		6.328105E-02
297		347		1		6.328105E-02
298		299		1		6.328105E-02
298		348		1		6.328105E-02
299		300		1		6.328105E-02
299		349		1		6.328105E-02
300		350		1		6.328105E-02
301		302		1		6.328105E-02
301		351		1		6.328105E-02
302		303		1		6.328105E-02
302		352		1		6.328105E-02
303		304		1		6.328105E-02
303		353		1		6.328105E-02
304		305		1		6.328105E-02
304		354		1		6.328105E-02
305		306		1		6.328105E-02
305		355		1		6.328105E-02
306		307		1		6.328105E-02
306		356		1		6.328105E-02
307		308		1		6.328105E-02
307		357		1		6.328105E-02
308		309		1		6.328105E-02
308		358		1		6.328105E-02
309		310		1		6.328105E-02
309		359		1		6.328105E-02
310		311		1		6.328105E-02
310		360		1		6.328105E-02
311		312		1		6.328105E-02
311		361		1		6.328105E-02
312		313		1		6.328105E-02
312		362		1		6.328105E-02
313		314		1		6.328105E-02
313		363		1		6.328105E-02
314		315		1		6.328105E-02
314		364		1		6.328105E-02
315		316		1		6.328105E-02
315		365		1		6.328105E-02
316		317		1		6.328105E-02
316		366		1		6.328105E-02
317		318		1		6.328105E-02
317		367		1		6.328105E-02
318		319		1		6.328105E-02
318		368		1		6.328105E-02
319		320		1		6.328105E-02
319		369		1		6.328105E-02
320		321		1		6.328105E-02
320		370		1		6.328105E-02
321		322		1		6.328105E-02
321		371		1		6.328105E-02
322		323		1		6.328105E-02
322		372		1		6.328105E-02
323		324		1		6.328105E-02
323		373		1		6.328105E-02
324		325		1		6.328105E-02
324		374		1		6.328105E-02
325		326		1		6.328105E-02
325		375		1		6.328105E-02
326		327		1		6.328105E-02
326		376		1		6.328105E-02
327		328		1		6.328105E-02
327		377		1		6.328105E-02
328		329		1		6.328105E-02
328		378		1		6.328105E-02
329		330		1		6.328105E-02
329		379		1		6.328105E-02
330		331		1		6.328105E-02
330		380		1		6.328105E-02
331		332		1		6.328105E-02
331		381		1		6.328105E-02
332		333		1		6.328105E-02
332		382		1		6.328105E-02
333		334		1		6.328105E-02
333		383		1		6.328105E-02
334		335		1		6.328105E-02
334		384		1		6.328105E-02
335		336		1		6.328105E-02
335		385		1		6.328105E-02
336		337		1		6.328105E-02
336		386		1		6.328105E-02
337		338		1		6.328105E-02
337		387		1		6.328105E-02
338		339		1		6.328105E-02
338		388		1		6.328105E-02
339		340		1		6.328105E-02
339		389		1		6.328105E-02
340		341		1		6.328105E-02
340		390		1		6.328105E-02
341		342		1		6.328105E-02
341		391		1		6.328105E-02
342		343		1		6.328105E-02
342		392		1		6.328105E-02
343		344		1		6.328105E-02
343		393		1		6.328105E-02
344		345		1		6.328105E-02
344		394		1		6.328105E-02
345		346		1		6.328105E-02
345		395		1		6.328105E-02
346		347		1		6.328105E-02
346		396		1		6.328105E-02
347		348		1		6.328105E-02
347		397		1		6.328105E-02
348		349		1		6.328105E-02
348		398		1		6.328105E-02
349		350		1		6.328105E-02
349		399		1		6.328105E-02
350		400		1		6.328105E-02
351		352		1		6.328105E-02
351		401		1		6.328105E-02
352		353		1		6.328105E-02
352		402		1		6.328105E-02
353		354		1		6.328105E-02
353		403		1		6.328105E-02
354		355		1		6.328105E-02
354		404		1		6.328105E-02
355		356		1		6.328105E-02
355		405		1		6.328105E-02
356		357		1		6.328105E-02
356		406		1		6.328105E-02
357		358		1		6.328105E-02
357		407		1		6.328105E-02
358		359		1		6.328105E-02
358		408		1		6.328105E-02
359		360		1		6.328105E-02
359		409		1		6.328105E-02
360		361		1		6.328105E-02
360		410		1		6.328105E-02
361		362		1		6.328105E-02
361		411		1		6.328105E-02
362		363		1		6.328105E-02
362		412		1		6.328105E-02
363		364		1		6.328105E-02
363		413		1		6.328105E-02
364		365		1		6.328105E-02
364		414		1		6.328105E-02
365		366		1		6.328105E-02
365		415		1		6.328105E-02
366		367		1		6.328105E-02
366		416		1		6.328105E-02
367		368		1		6.328105E-02
367		417		1		6.328105E-02
368		369		1		6.328105E-02
368		418		1		6.328105E-02
369		370		1		6.328105E-02
369		419		1		6.328105E-02
370		371		1		6.328105E-02
370		420		1		6.328105E-02
371		372		1		6.328105E-02
371		421		1		6.328105E-02
372		373		1		6.328105E-02
372		422		1		6.328105E-02
373		374		1		6.328105E-02
373		423		1		6.328105E-02
374		375		1		6.328105E-02
374		424		1		6.328105E-02
375		376		1		6.328105E-02
375		425		1		6.328105E-02
376		377		1		6.328105E-02
376		426		1		6.328105E-02
377		378		1		6.328105E-02
377		427		1		6.328105E-02
378		379		1		6.328105E-02
378		428		1		6.328105E-02
379		380		1		6.328105E-02
379		429		1		6.328105E-02
380		381		1		6.328105E-02
380		430		1		6.328105E-02
381		382		1		6.328105E-02
381		431		1		6.328105E-02
382		383		1		6.328105E-02
382		432		1		6.328105E-02
383		384		1		6.328105E-02
383		433		1		6.328105E-02
384		385		1		6.328105E-02
384		434		1		6.328105E-02
385		386		1		6.328105E-02
385		435		1		6.328105E-02
386		387		1		6.328105E-02
386		436		1		6.328105E-02
387		388		1		6.328105E-02
387		437		1		6.328105E-02
388		389		1		6.328105E-02
388		438		1		6.328105E-02
389		390		1		6.328105E-02
389		439		1		6.328105E-02
390		391		1		6.328105E-02
390		440		1		6.328105E-02
391		392		1		6.328105E-02
391		441		1		6.328105E-02
392		393		1		6.328105E-02
392		442		1		6.328105E-02
393		394		1		6.328105E-02
393		443		1		6.328105E-02
394		395		1		6.328105E-02
394		444		1		6.328105E-02
395		396		1		6.328105E-02
395		445		1		6.328105E-02
396		397		1		6.328105E-02
396		446		1		6.328105E-02
397		398		1		6.328105E-02
397		447		1		6.328105E-02
398		399		1		6.328105E-02
398		448		1		6.328105E-02
399		400		1		6.328105E-02
399		449		1		6.328105E-02
400		450		1		6.328105E-02
401		402		1		6.328105E-02
401		451		1		6.328105E-02
402		403		1		6.328105E-02
402		452		1		6.328105E-02
403		404		1		6.328105E-02
403		453		1		6.328105E-02
404		405		1		6.328105E-02
404		454		1		6.328105E-02
405		406		1		6.328105E-02
405		455		1		6.328105E-02
406		407		1		6.328105E-02
406		456		1		6.328105E-02
407		408		1		6.328105E-02
407		457		1		6.328105E-02
408		409		1		6.328105E-02
408		458		1		6.328105E-02
409		410		1		6.328105E-02
409		459		1		6.328105E-02
410		411		1		6.328105E-02
410		460		1		6.328105E-02
411		412		1		6.328105E-02
411		461		1		6.328105E-02
412		413		1		6.328105E-02
412		462		1		6.328105E-02
413		414		1		6.328105E-02
413		463		1		6.328105E-02
414		415		1		6.328105E-02
414		464		1		6.328105E-02
415		416		1		6.328105E-02
415		465		1		6.328105E-02
416		417		1		6.328105E-02
416		466		1		6.328105E-02
417		418		1		6.328105E-02
417		467		1		6.328105E-02
418		419		1		6.328105E-02
418		468		1		6.328105E-02
419		420		1		6.328105E-02
419		469		1		6.328105E-02
420		421		1		6.328105E-02
420		470		1		6.328105E-02
421		422		1		6.328105E-02
421		471		1		6.328105E-02
422		423		1		6.328105E-02
422		472		1		6.328105E-02
423		424		1		6.328105E-02
423		473		1		6.328105E-02
424		425		1		6.328105E-02
424		474		1		6.328105E-02
425		426		1		6.328105E-02
425		475		1		6.328105E-02
426		427		1		6.328105E-02
426		476		1		6.328105E-02
427		428		1		6.328105E-02
427		477		1		6.328105E-02
428		429		1		6.328105E-02
428		478		1		6.328105E-02
429		430		1		6.328105E-02
429		479		1		6.328105E-02
430		431		1		6.328105E-02
430		480		1		6.328105E-02
431		432		1		6.328105E-02
431		481		1		6.328105E-02
432		433		1		6.328105E-02
432		482		1		6.328105E-02
433		434		1		6.328105E-02
433		483		1		6.328105E-02
434		435		1		6.328105E-02
434		484		1		6.328105E-02
435		436		1		6.328105E-02
435		485		1		6.328105E-02
436		437		1		6.328105E-02
436		486		1		6.328105E-02
437		438		1		6.328105E-02
437		487		1		6.328105E-02
438		439		1		6.328105E-02
438		488		1		6.328105E-02
439		440		1		6.328105E-02
439		489		1		6.328105E-02
440		441		1		6.328105E-02
440		490		1		6.328105E-02
441		442		1		6.328105E-02
441		491		1		6.328105E-02
442		443		1		6.328105E-02
442		492		1		6.328105E-02
443		444		1		6.328105E-02
443		493		1		6.328105E-02
444		445		1		6.328105E-02
444		494		1		6.328105E-02
445		446		1		6.328105E-02
445		495		1		6.328105E-02
446		447		1		6.328105E-02
446		496		1		6.328105E-02
447		448		1		6.328105E-02
447		497		1		6.328105E-02
448		449		1		6.328105E-02
448		498		1		6.328105E-02
449		450		1		6.328105E-02
449		499		1		6.328105E-02
450		500		1		6.328105E-02
451		452		1		6.328105E-02
451		501		1		6.328105E-02
452		453		1		6.328105E-02
452		502		1		6.328105E-02
453		454		1		6.328105E-02
453		503		1		6.328105E-02
454		455		1		6.328105E-02
454		504		1		6.328105E-02
455		456		1		6.328105E-02
455		505		1		6.328105E-02
456		457		1		6.328105E-02
456		506		1		6.328105E-02
457		458		1		6.328105E-02
457		507		1		6.328105E-02
458		459		1		6.328105E-02
458		508		1		6.328105E-02
459		460		1		6.328105E-02
459		509		1		6.328105E-02
460		461		1		6.328105E-02
460		510		1		6.328105E-02
461		462		1		6.328105E-02
461		511		1		6.328105E-02
462		463		1		6.328105E-02
462		512		1		6.328105E-02
463		464		1		6.328105E-02
463		513		1		6.328105E-02
464		465		1		6.328105E-02
464		514		1		6.328105E-02
465		466		1		6.328105E-02
465		515		1		6.328105E-02
466		467		1		6.328105E-02
466		516		1		6.328105E-02
467		468		1		6.328105E-02
467		517		1		6.328105E-02
468		469		1		6.328105E-02
468		518		1		6.328105E-02
469		470		1		6.328105E-02
469		519		1		6.328105E-02
470		471		1		6.328105E-02
470		520		1		6.328105E-02
471		472		1		6.328105E-02
471		521		1		6.328105E-02
472		473		1		6.328105E-02
472		522		1		6.328105E-02
473		474		1		6.328105E-02
473		523		1		6.328105E-02
474		475		1		6.328105E-02
474		524		1		6.328105E-02
475		476		1		6.328105E-02
475		525		1		6.328105E-02
476		477		1		6.328105E-02
476		526		1		6.328105E-02
477		478		1		6.328105E-02
477		527		1		6.328105E-02
478		479		1		6.328105E-02
478		528		1		6.328105E-02
479		480		1		6.328105E-02
479		529		1		6.328105E-02
480		481		1		6.328105E-02
480		530		1		6.328105E-02
481		482		1		6.328105E-02
481		531		1		6.328105E-02
482		483		1		6.328105E-02
482		532		1		6.328105E-02
483		484		1		6.328105E-02
483		533		1		6.328105E-02
484		485		1		6.328105E-02
484		534		1		6.328105E-02
485		486		1		6.328105E-02
485		535		1		6.328105E-02
486		487		1		6.328105E-02
486		536		1		6.328105E-02
487		488		1		6.328105E-02
487		537		1		6.328105E-02
488		489		1		6.328105E-02
488		538		1		6.328105E-02
489		490		1		6.328105E-02
489		539		1		6.328105E-02
490		491		1		6.328105E-02
490		540		1		6.328105E-02
491		492		1		6.328105E-02
491		541		1		6.328105E-02
492		493		1		6.328105E-02
492		542		1		6.328105E-02
493		494		1		6.328105E-02
493		543		1		6.328105E-02
494		495		1		6.328105E-02
494		544		1		6.328105E-02
495		496		1		6.328105E-02
495		545		1		6.328105E-02
496		497		1		6.328105E-02
496		546		1		6.328105E-02
497		498		1		6.328105E-02
497		547		1		6.328105E-02
498		499		1		6.328105E-02
498		548		1		6.328105E-02
499		500		1		6.328105E-02
499		549		1		6.328105E-02
500		550		1		6.328105E-02
501		502		1		6.328105E-02
501		551		1		6.328105E-02
502		503		1		6.328105E-02
502		552		1		6.328105E-02
503		504		1		6.328105E-02
503		553		1		6.328105E-02
504		505		1		6.328105E-02
504		554		1		6.328105E-02
505		506		1		6.328105E-02
505		555		1		6.328105E-02
506		507		1		6.328105E-02
506		556		1		6.328105E-02
507		508		1		6.328105E-02
507		557		1		6.328105E-02
508		509		1		6.328105E-02
508		558		1		6.328105E-02
509		510		1		6.328105E-02
509		559		1		6.328105E-02
510		511		1		6.328105E-02
510		560		1		6.328105E-02
511		512		1		6.328105E-02
511		561		1		6.328105E-02
512		513		1		6.328105E-02
512		562		1		6.328105E-02
513		514		1		6.328105E-02
513		563		1		6.328105E-02
514		515		1		6.328105E-02
514		564		1		6.328105E-02
515		516		1		6.328105E-02
515		565		1		6.328105E-02
516		517		1		6.328105E-02
516		566		1		6.328105E-02
517		518		1		6.328105E-02
517		567		1		6.328105E-02
518		519		1		6.328105E-02
518		568		1		6.328105E-02
519		520		1		6.328105E-02
519		569		1		6.328105E-02
520		521		1		6.328105E-02
520		570		1		6.328105E-02
521		522		1		6.328105E-02
521		571		1		6.328105E-02
522		523		1		6.328105E-02
522		572		1		6.328105E-02
523		524		1		6.328105E-02
523		573		1		6.328105E-02
524		525		1		6.328105E-02
524		574		1		6.328105E-02
525		526		1		6.328105E-02
525		575		1		6.328105E-02
526		527		1		6.328105E-02
526		576		1		6.328105E-02
527		528		1		6.328105E-02
527		577		1		6.328105E-02
528		529		1		6.328105E-02
528		578		1		6.328105E-02
529		530		1		6.328105E-02
529		579		1		6.328105E-02
530		531		1		6.328105E-02
530		580		1		6.328105E-02
531		532		1		6.328105E-02
531		581		1		6.328105E-02
532		533		1		6.328105E-02
532		582		1		6.328105E-02
533		534		1		6.328105E-02
533		583		1		6.328105E-02
534		535		1		6.328105E-02
534		584		1		6.328105E-02
535		536		1		6.328105E-02
535		585		1		6.328105E-02
536		537		1		6.328105E-02
536		586		1		6.328105E-02
537		538		1		6.328105E-02
537		587		1		6.328105E-02
538		539		1		6.328105E-02
538		588		1		6.328105E-02
539		540		1		6.328105E-02
539		589		1		6.328105E-02
540		541		1		6.328105E-02
540		590		1		6.328105E-02
541		542		1		6.328105E-02
541		591		1		6.328105E-02
542		543		1		6.328105E-02
542		592		1		6.328105E-02
543		544		1		6.328105E-02
543		593		1		6.328105E-02
544		545		1		6.328105E-02
544		594		1		6.328105E-02
545		546		1		6.328105E-02
545		595		1		6.328105E-02
546		547		1		6.328105E-02
546		596		1		6.328105E-02
547		548		1		6.328105E-02
547		597		1		6.328105E-02
548		549		1		6.328105E-02
548		598		1		6.328105E-02
549		550		1		6.328105E-02
549		599		1		6.328105E-02
550		600		1		6.328105E-02
551		552		1		6.328105E-02
551		601		1		6.328105E-02
552		553		1		6.328105E-02
552		602		1		6.328105E-02
553		554		1		6.328105E-02
553		603		1		6.328105E-02
554		555		1		6.328105E-02
554		604		1		6.328105E-02
555		556		1		6.328105E-02
555		605		1		6.328105E-02
556		557		1		6.328105E-02
556		606		1		6.328105E-02
557		558		1		6.328105E-02
557		607		1		6.328105E-02
558		559		1		6.328105E-02
558		608		1		6.328105E-02
559		560		1		6.328105E-02
559		609		1		6.328105E-02
560		561		1		6.328105E-02
560		610		1		6.328105E-02
561		562		1		6.328105E-02
561		611		1		6.328105E-02
562		563		1		6.328105E-02
562		612		1		6.328105E-02
563		564		1		6.328105E-02
563		613		1		6.328105E-02
564		565		1		6.328105E-02
564		614		1		6.328105E-02
565		566		1		6.328105E-02
565		615		1		6.328105E-02
566		567		1		6.328105E-02
566		616		1		6.328105E-02
567		568		1		6.328105E-02
567		617		1		6.328105E-02
568		569		1		6.328105E-02
568		618		1		6.328105E-02
569		570		1		6.328105E-02
569		619		1		6.328105E-02
570		571		1		6.328105E-02
570		620		1		6.328105E-02
571		572		1		6.328105E-02
571		621		1		6.328105E-02
572		573		1		6.328105E-02
572		622		1		6.328105E-02
573		574		1		6.328105E-02
573		623		1		6.328105E-02
574		575		1		6.328105E-02
574		624		1		6.328105E-02
575		576		1		6.328105E-02
575		625		1		6.328105E-02
576		577		1		6.328105E-02
576		626		1		6.328105E-02
577		578		1		6.328105E-02
577		627		1		6.328105E-02
578		579		1		6.328105E-02
578		628		1		6.328105E-02
579		580		1		6.328105E-02
579		629		1		6.328105E-02
580		581		1		6.328105E-02
580		630		1		6.328105E-02
581		582		1		6.328105E-02
581		631		1		6.328105E-02
582		583		1		6.328105E-02
582		632		1		6.328105E-02
583		584		1		6.328105E-02
583		633		1		6.328105E-02
584		585		1		6.328105E-02
584		634		1		6.328105E-02
585		586		1		6.328105E-02
585		635		1		6.328105E-02
586		587		1		6.328105E-02
586		636		1		6.328105E-02
587		588		1		6.328105E-02
587		637		1		6.328105E-02
588		589		1		6.328105E-02
588		638		1		6.328105E-02
589		590		1		6.328105E-02
589		639		1		6.328105E-02
590		591		1		6.328105E-02
590		640		1		6.328105E-02
591		592		1		6.328105E-02
591		641		1		6.328105E-02
592		593		1		6.328105E-02
592		642		1		6.328105E-02
593		594		1		6.328105E-02
593		643		1		6.328105E-02
594		595		1		6.328105E-02
594		644		1		6.328105E-02
595		596		1		6.328105E-02
595		645		1		6.328105E-02
596		597		1		6.328105E-02
596		646		1		6.328105E-02
597		598		1		6.328105E-02
597		647		1		6.328105E-02
598		599		1		6.328105E-02
598		648		1		6.328105E-02
599		600		1		6.328105E-02
599		649		1		6.328105E-02
600		650		1		6.328105E-02
601		602		1		6.328105E-02
601		651		1		6.328105E-02
602		603		1		6.328105E-02
602		652		1		6.328105E-02
603		604		1		6.328105E-02
603		653		1		6.328105E-02
604		605		1		6.328105E-02
604		654		1		6.328105E-02
605		606		1		6.328105E-02
605		655		1		6.328105E-02
606		607		1		6.328105E-02
606		656		1		6.328105E-02
607		608		1		6.328105E-02
607		657		1		6.328105E-02
608		609		1		6.328105E-02
608		658		1		6.328105E-02
609		610		1		6.328105E-02
609		659		1		6.328105E-02
610		611		1		6.328105E-02
610		660		1		6.328105E-02
611		612		1		6.328105E-02
611		661		1		6.328105E-02
612		613		1		6.328105E-02
612		662		1		6.328105E-02
613		614		1		6.328105E-02
613		663		1		6.328105E-02
614		615		1		6.328105E-02
614		664		1		6.328105E-02
615		616		1		6.328105E-02
615		665		1		6.328105E-02
616		617		1		6.328105E-02
616		666		1		6.328105E-02
617		618		1		6.328105E-02
617		667		1		6.328105E-02
618		619		1		6.328105E-02
618		668		1		6.328105E-02
619		620		1		6.328105E-02
619		669		1		6.328105E-02
620		621		1		6.328105E-02
620		670		1		6.328105E-02
621		622		1		6.328105E-02
621		671		1		6.328105E-02
622		623		1		6.328105E-02
622		672		1		6.328105E-02
623		624		1		6.328105E-02
623		673		1		6.328105E-02
624		625		1		6.328105E-02
624		674		1		6.328105E-02
625		626		1		6.328105E-02
625		675		1		6.328105E-02
626		627		1		6.328105E-02
626		676		1		6.328105E-02
627		628		1		6.328105E-02
627		677		1		6.328105E-02
628		629		1		6.328105E-02
628		678		1		6.328105E-02
629		630		1		6.328105E-02
629		679		1		6.328105E-02
630		631		1		6.328105E-02
630		680		1		6.328105E-02
631		632		1		6.328105E-02
631		681		1		6.328105E-02
632		633		1		6.328105E-02
632		682		1		6.328105E-02
633		634		1		6.328105E-02
633		683		1		6.328105E-02
634		635		1		6.328105E-02
634		684		1		6.328105E-02
635		636		1		6.328105E-02
635		685		1		6.328105E-02
636		637		1		6.328105E-02
636		686		1		6.328105E-02
637		638		1		6.328105E-02
637		687		1		6.328105E-02
638		639		1		6.328105E-02
638		688		1		6.328105E-02
639		640		1		6.328105E-02
639		689		1		6.328105E-02
640		641		1		6.328105E-02
640		690		1		6.328105E-02
641		642		1		6.328105E-02
641		691		1		6.328105E-02
642		643		1		6.328105E-02
642		692		1		6.328105E-02
643		644		1		6.328105E-02
643		693		1		6.328105E-02
644		645		1		6.328105E-02
644		694		1		6.328105E-02
645		646		1		6.328105E-02
645		695		1		6.328105E-02
646		647		1		6.328105E-02
646		696		1		6.328105E-02
647		648		1		6.328105E-02
647		697		1		6.328105E-02
648		649		1		6.328105E-02
648		698		1		6.328105E-02
649		650		1		6.328105E-02
649		699		1		6.328105E-02
650		700		1		6.328105E-02
651		652		1		6.328105E-02
651		701		1		6.328105E-02
652		653		1		6.328105E-02
652		702		1		6.328105E-02
653		654		1		6.328105E-02
653		703		1		6.328105E-02
654		655		1		6.328105E-02
654		704		1		6.328105E-02
655		656		1		6.328105E-02
655		705		1		6.328105E-02
656		657		1		6.328105E-02
656		706		1		6.328105E-02
657		658		1		6.328105E-02
657		707		1		6.328105E-02
658		659		1		6.328105E-02
658		708		1		6.328105E-02
659		660		1		6.328105E-02
659		709		1		6.328105E-02
660		661		1		6.328105E-02
660		710		1		6.328105E-02
661		662		1		6.328105E-02
661		711		1		6.328105E-02
662		663		1		6.328105E-02
662		712		1		6.328105E-02
663		664		1		6.328105E-02
663		713		1		6.328105E-02
664		665		1		6.328105E-02
664		714		1		6.328105E-02
665		666		1		6.328105E-02
665		715		1		6.328105E-02
666		667		1		6.328105E-02
666		716		1		6.328105E-02
667		668		1		6.328105E-02
667		717		1		6.328105E-02
668		669		1		6.328105E-02
668		718		1		6.328105E-02
669		670		1		6.328105E-02
669		719		1		6.328105E-02
670		671		1		6.328105E-02
670		720		1		6.328105E-02
671		672		1		6.328105E-02
671		721		1		6.328105E-02
672		673		1		6.328105E-02
672		722		1		6.328105E-02
673		674		1		6.328105E-02
673		723		1		6.328105E-02
674		675		1		6.328105E-02
674		724		1		6.328105E-02
675		676		1		6.328105E-02
675		725		1		6.328105E-02
676		677		1		6.328105E-02
676		726		1		6.328105E-02
677		678		1		6.328105E-02
677		727		1		6.328105E-02
678		679		1		6.328105E-02
678		728		1		6.328105E-02
679		680		1		6.328105E-02
679		729		1		6.328105E-02
680		681		1		6.328105E-02
680		730		1		6.328105E-02
681		682		1		6.328105E-02
681		731		1		6.328105E-02
682		683		1		6.328105E-02
682		732		1		6.328105E-02
683		684		1		6.328105E-02
683		733		1		6.328105E-02
684		685		1		6.328105E-02
684		734		1		6.328105E-02
685		686		1		6.328105E-02
685		735		1		6.328105E-02
686		687		1		6.328105E-02
686		736		1		6.328105E-02
687		688		1		6.328105E-02
687		737		1		6.328105E-02
688		689		1		6.328105E-02
688		738		1		6.328105E-02
689		690		1		6.328105E-02
689		739		1		6.328105E-02
690		691		1		6.328105E-02
690		740		1		6.328105E-02
691		692		1		6.328105E-02
691		741		1		6.328105E-02
692		693		1		6.328105E-02
692		742		1		6.328105E-02
693		694		1		6.328105E-02
693		743		1		6.328105E-02
694		695		1		6.328105E-02
694		744		1		6.328105E-02
695		696		1		6.328105E-02
695		745		1		6.328105E-02
696		697		1		6.328105E-02
696		746		1		6.328105E-02
697		698		1		6.328105E-02
697		747		1		6.328105E-02
698		699		1		6.328105E-02
698		748		1		6.328105E-02
699		700		1		6.328105E-02
699		749		1		6.328105E-02
700		750		1		6.328105E-02
701		702		1		6.328105E-02
701		751		1		6.328105E-02
702		703		1		6.328105E-02
702		752		1		6.328105E-02
703		704		1		6.328105E-02
703		753		1		6.328105E-02
704		705		1		6.328105E-02
704		754		1		6.328105E-02
705		706		1		6.328105E-02
705		755		1		6.328105E-02
706		707		1		6.328105E-02
706		756		1		6.328105E-02
707		708		1		6.328105E-02
707		757		1		6.328105E-02
708		709		1		6.328105E-02
708		758		1		6.328105E-02
709		710		1		6.328105E-02
709		759		1		6.328105E-02
710		711		1		6.328105E-02
710		760		1		6.328105E-02
711		712		1		6.328105E-02
711		761		1		6.328105E-02
712		713		1		6.328105E-02
712		762		1		6.328105E-02
713		714		1		6.328105E-02
713		763		1		6.328105E-02
714		715		1		6.328105E-02
714		764		1		6.328105E-02
715		716		1		6.328105E-02
715		765		1		6.328105E-02
716		717		1		6.328105E-02
716		766		1		6.328105E-02
717		718		1		6.328105E-02
717		767		1		6.328105E-02
718		719		1		6.328105E-02
718		768		1		6.328105E-02
719		720		1		6.328105E-02
719		769		1		6.328105E-02
720		721		1		6.328105E-02
720		770		1		6.328105E-02
721		722		1		6.328105E-02
721		771		1		6.328105E-02
722		723		1		6.328105E-02
722		772		1		6.328105E-02
723		724		1		6.328105E-02
723		773		1		6.328105E-02
724		725		1		6.328105E-02
724		774		1		6.328105E-02
725		726		1		6.328105E-02
725		775		1		6.328105E-02
726		727		1		6.328105E-02
726		776		1		6.328105E-02
727		728		1		6.328105E-02
727		777		1		6.328105E-02
728		729		1		6.328105E-02
728		778		1		6.328105E-02
729		730		1		6.328105E-02
729		779		1		6.328105E-02
730		731		1		6.328105E-02
730		780		1		6.328105E-02
731		732		1		6.328105E-02
731		781		1		6.328105E-02
732		733		1		6.328105E-02
732		782		1		6.328105E-02
733		734		1		6.328105E-02
733		783		1		6.328105E-02
734		735		1		6.328105E-02
734		784		1		6.328105E-02
735		736		1		6.328105E-02
735		785		1		6.328105E-02
736		737		1		6.328105E-02
736		786		1		6.328105E-02
737		738		1		6.328105E-02
737		787		1		6.328105E-02
738		739		1		6.328105E-02
738		788		1		6.328105E-02
739		740		1		6.328105E-02
739		789		1		6.328105E-02
740		741		1		6.328105E-02
740		790		1		6.328105E-02
741		742		1		6.328105E-02
741		791		1		6.328105E-02
742		743		1		6.328105E-02
742		792		1		6.328105E-02
743		744		1		6.328105E-02
743		793		1		6.328105E-02
744		745		1		6.328105E-02
744		794		1		6.328105E-02
745		746		1		6.328105E-02
745		795		1		6.328105E-02
746		747		1		6.328105E-02
746		796		1		6.328105E-02
747		748		1		6.328105E-02
747		797		1		6.328105E-02
748		749		1		6.328105E-02
748		798		1		6.328105E-02
749		750		1		6.328105E-02
749		799		1		6.328105E-02
750		800		1		6.328105E-02
751		752		1		6.328105E-02
751		801		1		6.328105E-02
752		753		1		6.328105E-02
752		802		1		6.328105E-02
753		754		1		6.328105E-02
753		803		1		6.328105E-02
754		755		1		6.328105E-02
754		804		1		6.328105E-02
755		756		1		6.328105E-02
755		805		1		6.328105E-02
756		757		1		6.328105E-02
756		806		1		6.328105E-02
757		758		1		6.328105E-02
757		807		1		6.328105E-02
758		759		1		6.328105E-02
758		808		1		6.328105E-02
759		760		1		6.328105E-02
759		809		1		6.328105E-02
760		761		1		6.328105E-02
760		810		1		6.328105E-02
761		762		1		6.328105E-02
761		811		1		6.328105E-02
762		763		1		6.328105E-02
762		812		1		6.328105E-02
763		764		1		6.328105E-02
763		813		1		6.328105E-02
764		765		1		6.328105E-02
764		814		1		6.328105E-02
765		766		1		6.328105E-02
765		815		1		6.328105E-02
766		767		1		6.328105E-02
766		816		1		6.328105E-02
767		768		1		6.328105E-02
767		817		1		6.328105E-02
768		769		1		6.328105E-02
768		818		1		6.328105E-02
769		770		1		6.328105E-02
769		819		1		6.328105E-02
770		771		1		6.328105E-02
770		820		1		6.328105E-02
771		772		1		6.328105E-02
771		821		1		6.328105E-02
772		773		1		6.328105E-02
772		822		1		6.328105E-02
773		774		1		6.328105E-02
773		823		1		6.328105E-02
774		775		1		6.328105E-02
774		824		1		6.328105E-02
775		776		1		6.328105E-02
775		825		1		6.328105E-02
776		777		1		6.328105E-02
776		826		1		6.328105E-02
777		778		1		6.328105E-02
777		827		1		6.328105E-02
778		779		1		6.328105E-02
778		828		1		6.328105E-02
779		780		1		6.328105E-02
779		829		1		6.328105E-02
780		781		1		6.328105E-02
780		830		1		6.328105E-02
781		782		1		6.328105E-02
781		831		1		6.328105E-02
782		783		1		6.328105E-02
782		832		1		6.328105E-02
783		784		1		6.328105E-02
783		833		1		6.328105E-02
784		785		1		6.328105E-02
784		834		1		6.328105E-02
785		786		1		6.328105E-02
785		835		1		6.328105E-02
786		787		1		6.328105E-02
786		836		1		6.328105E-02
787		788		1		6.328105E-02
787		837		1		6.328105E-02
788		789		1		6.328105E-02
788		838		1		6.328105E-02
789		790		1		6.328105E-02
789		839		1		6.328105E-02
790		791		1		6.328105E-02
790		840		1		6.328105E-02
791		792		1		6.328105E-02
791		841		1		6.328105E-02
792		793		1		6.328105E-02
792		842		1		6.328105E-02
793		794		1		6.328105E-02
793		843		1		6.328105E-02
794		795		1		6.328105E-02
794		844		1		6.328105E-02
795		796		1		6.328105E-02
795		845		1		6.328105E-02
796		797		1		6.328105E-02
796		846		1		6.328105E-02
797		798		1		6.328105E-02
797		847		1		6.328105E-02
798		799		1		6.328105E-02
798		848		1		6.328105E-02
799		800		1		6.328105E-02
799		849		1		6.328105E-02
800		850		1		6.328105E-02
801		802		1		6.328105E-02
801		851		1		6.328105E-02
802		803		1		6.328105E-02
802		852		1		6.328105E-02
803		804		1		6.328105E-02
803		853		1		6.328105E-02
804		805		1		6.328105E-02
804		854		1		6.328105E-02
805		806		1		6.328105E-02
805		855		1		6.328105E-02
806		807		1		6.328105E-02
806		856		1		6.328105E-02
807		808		1		6.328105E-02
807		857		1		6.328105E-02
808		809		1		6.328105E-02
808		858		1		6.328105E-02
809		810		1		6.328105E-02
809		859		1		6.328105E-02
810		811		1		6.328105E-02
810		860		1		6.328105E-02
811		812		1		6.328105E-02
811		861		1		6.328105E-02
812		813		1		6.328105E-02
812		862		1		6.328105E-02
813		814		1		6.328105E-02
813		863		1		6.328105E-02
814		815		1		6.328105E-02
814		864		1		6.328105E-02
815		816		1		6.328105E-02
815		865		1		6.328105E-02
816		817		1		6.328105E-02
816		866		1		6.328105E-02
817		818		1		6.328105E-02
817		867		1		6.328105E-02
818		819		1		6.328105E-02
818		868		1		6.328105E-02
819		820		1		6.328105E-02
819		869		1		6.328105E-02
820		821		1		6.328105E-02
820		870		1		6.328105E-02
821		822		1		6.328105E-02
821		871		1		6.328105E-02
822		823		1		6.328105E-02
822		872		1		6.328105E-02
823		824		1		6.328105E-02
823		873		1		6.328105E-02
824		825		1		6.328105E-02
824		874		1		6.328105E-02
825		826		1		6.328105E-02
825		875		1		6.328105E-02
826		827		1		6.328105E-02
826		876		1		6.328105E-02
827		828		1		6.328105E-02
827		877		1		6.328105E-02
828		829		1		6.328105E-02
828		878		1		6.328105E-02
829		830		1		6.328105E-02
829		879		1		6.328105E-02
830		831		1		6.328105E-02
830		880		1		6.328105E-02
831		832		1		6.328105E-02
831		881		1		6.328105E-02
832		833		1		6.328105E-02
832		882		1		6.328105E-02
833		834		1		6.328105E-02
833		883		1		6.328105E-02
834		835		1		6.328105E-02
834		884		1		6.328105E-02
835		836		1		6.328105E-02
835		885		1		6.328105E-02
836		837		1		6.328105E-02
836		886		1		6.328105E-02
837		838		1		6.328105E-02
837		887		1		6.328105E-02
838		839		1		6.328105E-02
838		888		1		6.328105E-02
839		840		1		6.328105E-02
839		889		1		6.328105E-02
840		841		1		6.328105E-02
840		890		1		6.328105E-02
841		842		1		6.328105E-02
841		891		1		6.328105E-02
842		843		1		6.328105E-02
842		892		1		6.328105E-02
843		844		1		6.328105E-02
843		893		1		6.328105E-02
844		845		1		6.328105E-02
844		894		1		6.328105E-02
845		846		1		6.328105E-02
845		895		1		6.328105E-02
846		847		1		6.328105E-02
846		896		1		6.328105E-02
847		848		1		6.328105E-02
847		897		1		6.328105E-02
848		849		1		6.328105E-02
848		898		1		6.328105E-02
849		850		1		6.328105E-02
849		899		1		6.328105E-02
850		900		1		6.328105E-02
851		852		1		6.328105E-02
851		901		1		6.328105E-02
852		853		1		6.328105E-02
852		902		1		6.328105E-02
853		854		1		6.328105E-02
853		903		1		6.328105E-02
854		855		1		6.328105E-02
854		904		1		6.328105E-02
855		856		1		6.328105E-02
855		905		1		6.328105E-02
856		857		1		6.328105E-02
856		906		1		6.328105E-02
857		858		1		6.328105E-02
857		907		1		6.328105E-02
858		859		1		6.328105E-02
858		908		1		6.328105E-02
859		860		1		6.328105E-02
859		909		1		6.328105E-02
860		861		1		6.328105E-02
860		910		1		6.328105E-02
861		862		1		6.328105E-02
861		911		1		6.328105E-02
862		863		1		6.328105E-02
862		912		1		6.328105E-02
863		864		1		6.328105E-02
863		913		1		6.328105E-02
864		865		1		6.328105E-02
864		914		1		6.328105E-02
865		866		1		6.328105E-02
865		915		1		6.328105E-02
866		867		1		6.328105E-02
866		916		1		6.328105E-02
867		868		1		6.328105E-02
867		917		1		6.328105E-02
868		869		1		6.328105E-02
868		918		1		6.328105E-02
869		870		1		6.328105E-02
869		919		1		6.328105E-02
870		871		1		6.328105E-02
870		920		1		6.328105E-02
871		872		1		6.328105E-02
871		921		1		6.328105E-02
872		873		1		6.328105E-02
872		922		1		6.328105E-02
873		874		1		6.328105E-02
873		923		1		6.328105E-02
874		875		1		6.328105E-02
874		924		1		6.328105E-02
875		876		1		6.328105E-02
875		925		1		6.328105E-02
876		877		1		6.328105E-02
876		926		1		6.328105E-02
877		878		1		6.328105E-02
877		927		1		6.328105E-02
878		879		1		6.328105E-02
878		928		1		6.328105E-02
879		880		1		6.328105E-02
879		929		1		6.328105E-02
880		881		1		6.328105E-02
880		930		1		6.328105E-02
881		882		1		6.328105E-02
881		931		1		6.328105E-02
882		883		1		6.328105E-02
882		932		1		6.328105E-02
883		884		1		6.328105E-02
883		933		1		6.328105E-02
884		885		1		6.328105E-02
884		934		1		6.328105E-02
885		886		1		6.328105E-02
885		935		1		6.328105E-02
886		887		1		6.328105E-02
886		936		1		6.328105E-02
887		888		1		6.328105E-02
887		937		1		6.328105E-02
888		889		1		6.328105E-02
888		938		1		6.328105E-02
889		890		1		6.328105E-02
889		939		1		6.328105E-02
890		891		1		6.328105E-02
890		940		1		6.328105E-02
891		892		1		6.328105E-02
891		941		1		6.328105E-02
892		893		1		6.328105E-02
892		942		1		6.328105E-02
893		894		1		6.328105E-02
893		943		1		6.328105E-02
894		895		1		6.328105E-02
894		944		1		6.328105E-02
895		896		1		6.328105E-02
895		945		1		6.328105E-02
896		897		1		6.328105E-02
896		946		1		6.328105E-02
897		898		1		6.328105E-02
897		947		1		6.328105E-02
898		899		1		6.328105E-02
898		948		1		6.328105E-02
899		900		1		6.328105E-02
899		949		1		6.328105E-02
900		950		1		6.328105E-02
901		902		1		6.328105E-02
901		951		1		6.328105E-02
902		903		1		6.328105E-02
902		952		1		6.328105E-02
903		904		1		6.328105E-02
903		953		1		6.328105E-02
904		905		1		6.328105E-02
904		954		1		6.328105E-02
905		906		1		6.328105E-02
905		955		1		6.328105E-02
906		907		1		6.328105E-02
906		956		1		6.328105E-02
907		908		1		6.328105E-02
907		957		1		6.328105E-02
908		909		1		6.328105E-02
908		958		1		6.328105E-02
909		910		1		6.328105E-02
909		959		1		6.328105E-02
910		911		1		6.328105E-02
910		960		1		6.328105E-02
911		912		1		6.328105E-02
911		961		1		6.328105E-02
912		913		1		6.328105E-02
912		962		1		6.328105E-02
913		914		1		6.328105E-02
913		963		1		6.328105E-02
914		915		1		6.328105E-02
914		964		1		6.328105E-02
915		916		1		6.328105E-02
915		965		1		6.328105E-02
916		917		1		6.328105E-02
916		966		1		6.328105E-02
917		918		1		6.328105E-02
917		967		1		6.328105E-02
918		919		1		6.328105E-02
918		968		1		6.328105E-02
919		920		1		6.328105E-02
919		969		1		6.328105E-02
920		921		1		6.328105E-02
920		970		1		6.328105E-02
921		922		1		6.328105E-02
921		971		1		6.328105E-02
922		923		1		6.328105E-02
922		972		1		6.328105E-02
923		924		1		6.328105E-02
923		973		1		6.328105E-02
924		925		1		6.328105E-02
924		974		1		6.328105E-02
925		926		1		6.328105E-02
925		975		1		6.328105E-02
926		927		1		6.328105E-02
926		976		1		6.328105E-02
927		928		1		6.328105E-02
927		977		1		6.328105E-02
928		929		1		6.328105E-02
928		978		1		6.328105E-02
929		930		1		6.328105E-02
929		979		1		6.328105E-02
930		931		1		6.328105E-02
930		980		1		6.328105E-02
931		932		1		6.328105E-02
931		981		1		6.328105E-02
932		933		1		6.328105E-02
932		982		1		6.328105E-02
933		934		1		6.328105E-02
933		983		1		6.328105E-02
934		935		1		6.328105E-02
934		984		1		6.328105E-02
935		936		1		6.328105E-02
935		985		1		6.328105E-02
936		937		1		6.328105E-02
936		986		1		6.328105E-02
937		938		1		6.328105E-02
937		987		1		6.328105E-02
938		939		1		6.328105E-02
938		988		1		6.328105E-02
939		940		1		6.328105E-02
939		989		1		6.328105E-02
940		941		1		6.328105E-02
940		990		1		6.328105E-02
941		942		1		6.328105E-02
941		991		1		6.328105E-02
942		943		1		6.328105E-02
942		992		1		6.328105E-02
943		944		1		6.328105E-02
943		993		1		6.328105E-02
944		945		1		6.328105E-02
944		994		1		6.328105E-02
945		946		1		6.328105E-02
945		995		1		6.328105E-02
946		947		1		6.328105E-02
946		996		1		6.328105E-02
947		948		1		6.328105E-02
947		997		1		6.328105E-02
948		949		1		6.328105E-02
948		998		1		6.328105E-02
949		950		1		6.328105E-02
949		999		1		6.328105E-02
950		1000		1		6.328105E-02
951		952		1		6.328105E-02
951		1001		1		6.328105E-02
952		953		1		6.328105E-02
952		1002		1		6.328105E-02
953		954		1		6.328105E-02
953		1003		1		6.328105E-02
954		955		1		6.328105E-02
954		1004		1		6.328105E-02
955		956		1		6.328105E-02
955		1005		1		6.328105E-02
956		957		1		6.328105E-02
956		1006		1		6.328105E-02
957		958		1		6.328105E-02
957		1007		1		6.328105E-02
958		959		1		6.328105E-02
958		1008		1		6.328105E-02
959		960		1		6.328105E-02
959		1009		1		6.328105E-02
960		961		1		6.328105E-02
960		1010		1		6.328105E-02
961		962		1		6.328105E-02
961		1011		1		6.328105E-02
962		963		1		6.328105E-02
962		1012		1		6.328105E-02
963		964		1		6.328105E-02
963		1013		1		6.328105E-02
964		965		1		6.328105E-02
964		1014		1		6.328105E-02
965		966		1		6.328105E-02
965		1015		1		6.328105E-02
966		967		1		6.328105E-02
966		1016		1		6.328105E-02
967		968		1		6.328105E-02
967		1017		1		6.328105E-02
968		969		1		6.328105E-02
968		1018		1		6.328105E-02
969		970		1		6.328105E-02
969		1019		1		6.328105E-02
970		971		1		6.328105E-02
970		1020		1		6.328105E-02
971		972		1		6.328105E-02
971		1021		1		6.328105E-02
972		973		1		6.328105E-02
972		1022		1		6.328105E-02
973		974		1		6.328105E-02
973		1023		1		6.328105E-02
974		975		1		6.328105E-02
974		1024		1		6.328105E-02
975		976		1		6.328105E-02
975		1025		1		6.328105E-02
976		977		1		6.328105E-02
976		1026		1		6.328105E-02
977		978		1		6.328105E-02
977		1027		1		6.328105E-02
978		979		1		6.328105E-02
978		1028		1		6.328105E-02
979		980		1		6.328105E-02
979		1029		1		6.328105E-02
980		981		1		6.328105E-02
980		1030		1		6.328105E-02
981		982		1		6.328105E-02
981		1031		1		6.328105E-02
982		983		1		6.328105E-02
982		1032		1		6.328105E-02
983		984		1		6.328105E-02
983		1033		1		6.328105E-02
984		985		1		6.328105E-02
984		1034		1		6.328105E-02
985		986		1		6.328105E-02
985		1035		1		6.328105E-02
986		987		1		6.328105E-02
986		1036		1		6.328105E-02
987		988		1		6.328105E-02
987		1037		1		6.328105E-02
988		989		1		6.328105E-02
988		1038		1		6.328105E-02
989		990		1		6.328105E-02
989		1039		1		6.328105E-02
990		991		1		6.328105E-02
990		1040		1		6.328105E-02
991		992		1		6.328105E-02
991		1041		1		6.328105E-02
992		993		1		6.328105E-02
992		1042		1		6.328105E-02
993		994		1		6.328105E-02
993		1043		1		6.328105E-02
994		995		1		6.328105E-02
994		1044		1		6.328105E-02
995		996		1		6.328105E-02
995		1045		1		6.328105E-02
996		997		1		6.328105E-02
996		1046		1		6.328105E-02
997		998		1		6.328105E-02
997		1047		1		6.328105E-02
998		999		1		6.328105E-02
998		1048		1		6.328105E-02
999		1000		1		6.328105E-02
999		1049		1		6.328105E-02
1000		1050		1		6.328105E-02
1001		1002		1		6.328105E-02
1001		1051		1		6.328105E-02
1002		1003		1		6.328105E-02
1002		1052		1		6.328105E-02
1003		1004		1		6.328105E-02
1003		1053		1		6.328105E-02
1004		1005		1		6.328105E-02
1004		1054		1		6.328105E-02
1005		1006		1		6.328105E-02
1005		1055		1		6.328105E-02
1006		1007		1		6.328105E-02
1006		1056		1		6.328105E-02
1007		1008		1		6.328105E-02
1007		1057		1		6.328105E-02
1008		1009		1		6.328105E-02
1008		1058		1		6.328105E-02
1009		1010		1		6.328105E-02
1009		1059		1		6.328105E-02
1010		1011		1		6.328105E-02
1010		1060		1		6.328105E-02
1011		1012		1		6.328105E-02
1011		1061		1		6.328105E-02
1012		1013		1		6.328105E-02
1012		1062		1		6.328105E-02
1013		1014		1		6.328105E-02
1013		1063		1		6.328105E-02
1014		1015		1		6.328105E-02
1014		1064		1		6.328105E-02
1015		1016		1		6.328105E-02
1015		1065		1		6.328105E-02
1016		1017		1		6.328105E-02
1016		1066		1		6.328105E-02
1017		1018		1		6.328105E-02
1017		1067		1		6.328105E-02
1018		1019		1		6.328105E-02
1018		1068		1		6.328105E-02
1019		1020		1		6.328105E-02
1019		1069		1		6.328105E-02
1020		1021		1		6.328105E-02
1020		1070		1		6.328105E-02
1021		1022		1		6.328105E-02
1021		1071		1		6.328105E-02
1022		1023		1		6.328105E-02
1022		1072		1		6.328105E-02
1023		1024		1		6.328105E-02
1023		1073		1		6.328105E-02
1024		1025		1		6.328105E-02
1024		1074		1		6.328105E-02
1025		1026		1		6.328105E-02
1025		1075		1		6.328105E-02
1026		1027		1		6.328105E-02
1026		1076		1		6.328105E-02
1027		1028		1		6.328105E-02
1027		1077		1		6.328105E-02
1028		1029		1		6.328105E-02
1028		1078		1		6.328105E-02
1029		1030		1		6.328105E-02
1029		1079		1		6.328105E-02
1030		1031		1		6.328105E-02
1030		1080		1		6.328105E-02
1031		1032		1		6.328105E-02
1031		1081		1		6.328105E-02
1032		1033		1		6.328105E-02
1032		1082		1		6.328105E-02
1033		1034		1		6.328105E-02
1033		1083		1		6.328105E-02
1034		1035		1		6.328105E-02
1034		1084		1		6.328105E-02
1035		1036		1		6.328105E-02
1035		1085		1		6.328105E-02
1036		1037		1		6.328105E-02
1036		1086		1		6.328105E-02
1037		1038		1		6.328105E-02
1037		1087		1		6.328105E-02
1038		1039		1		6.328105E-02
1038		1088		1		6.328105E-02
1039		1040		1		6.328105E-02
1039		1089		1		6.328105E-02
1040		1041		1		6.328105E-02
1040		1090		1		6.328105E-02
1041		1042		1		6.328105E-02
1041		1091		1		6.328105E-02
1042		1043		1		6.328105E-02
1042		1092		1		6.328105E-02
1043		1044		1		6.328105E-02
1043		1093		1		6.328105E-02
1044		1045		1		6.328105E-02
1044		1094		1		6.328105E-02
1045		1046		1		6.328105E-02
1045		1095		1		6.328105E-02
1046		1047		1		6.328105E-02
1046		1096		1		6.328105E-02
1047		1048		1		6.328105E-02
1047		1097		1		6.328105E-02
1048		1049		1		6.328105E-02
1048		1098		1		6.328105E-02
1049		1050		1		6.328105E-02
1049		1099		1		6.328105E-02
1050		1100		1		6.328105E-02
1051		1052		1		6.328105E-02
1051		1101		1		6.328105E-02
1052		1053		1		6.328105E-02
1052		1102		1		6.328105E-02
1053		1054		1		6.328105E-02
1053		1103		1		6.328105E-02
1054		1055		1		6.328105E-02
1054		1104		1		6.328105E-02
1055		1056		1		6.328105E-02
1055		1105		1		6.328105E-02
1056		1057		1		6.328105E-02
1056		1106		1		6.328105E-02
1057		1058		1		6.328105E-02
1057		1107		1		6.328105E-02
1058		1059		1		6.328105E-02
1058		1108		1		6.328105E-02
1059		1060		1		6.328105E-02
1059		1109		1		6.328105E-02
1060		1061		1		6.328105E-02
1060		1110		1		6.328105E-02
1061		1062		1		6.328105E-02
1061		1111		1		6.328105E-02
1062		1063		1		6.328105E-02
1062		1112		1		6.328105E-02
1063		1064		1		6.328105E-02
1063		1113		1		6.328105E-02
1064		1065		1		6.328105E-02
1064		1114		1		6.328105E-02
1065		1066		1		6.328105E-02
1065		1115		1		6.328105E-02
1066		1067		1		6.328105E-02
1066		1116		1		6.328105E-02
1067		1068		1		6.328105E-02
1067		1117		1		6.328105E-02
1068		1069		1		6.328105E-02
1068		1118		1		6.328105E-02
1069		1070		1		6.328105E-02
1069		1119		1		6.328105E-02
1070		1071		1		6.328105E-02
1070		1120		1		6.328105E-02
1071		1072		1		6.328105E-02
1071		1121		1		6.328105E-02
1072		1073		1		6.328105E-02
1072		1122		1		6.328105E-02
1073		1074		1		6.328105E-02
1073		1123		1		6.328105E-02
1074		1075		1		6.328105E-02
1074		1124		1		6.328105E-02
1075		1076		1		6.328105E-02
1075		1125		1		6.328105E-02
1076		1077		1		6.328105E-02
1076		1126		1		6.328105E-02
1077		1078		1		6.328105E-02
1077		1127		1		6.328105E-02
1078		1079		1		6.328105E-02
1078		1128		1		6.328105E-02
1079		1080		1		6.328105E-02
1079		1129		1		6.328105E-02
1080		1081		1		6.328105E-02
1080		1130		1		6.328105E-02
1081		1082		1		6.328105E-02
1081		1131		1		6.328105E-02
1082		1083		1		6.328105E-02
1082		1132		1		6.328105E-02
1083		1084		1		6.328105E-02
1083		1133		1		6.328105E-02
1084		1085		1		6.328105E-02
1084		1134		1		6.328105E-02
1085		1086		1		6.328105E-02
1085		1135		1		6.328105E-02
1086		1087		1		6.328105E-02
1086		1136		1		6.328105E-02
1087		1088		1		6.328105E-02
1087		1137		1		6.328105E-02
1088		1089		1		6.328105E-02
1088		1138		1		6.328105E-02
1089		1090		1		6.328105E-02
1089		1139		1		6.328105E-02
1090		1091		1		6.328105E-02
1090		1140		1		6.328105E-02
1091		1092		1		6.328105E-02
1091		1141		1		6.328105E-02
1092		1093		1		6.328105E-02
1092		1142		1		6.328105E-02
1093		1094		1		6.328105E-02
1093		1143		1		6.328105E-02
1094		1095		1		6.328105E-02
1094		1144		1		6.328105E-02
1095		1096		1		6.328105E-02
1095		1145		1		6.328105E-02
1096		1097		1		6.328105E-02
1096		1146		1		6.328105E-02
1097		1098		1		6.328105E-02
1097		1147		1		6.328105E-02
1098		1099		1		6.328105E-02
1098		1148		1		6.328105E-02
1099		1100		1		6.328105E-02
1099		1149		1		6.328105E-02
1100		1150		1		6.328105E-02
1101		1102		1		6.328105E-02
1101		1151		1		6.328105E-02
1102		1103		1		6.328105E-02
1102		1152		1		6.328105E-02
1103		1104		1		6.328105E-02
1103		1153		1		6.328105E-02
1104		1105		1		6.328105E-02
1104		1154		1		6.328105E-02
1105		1106		1		6.328105E-02
1105		1155		1		6.328105E-02
1106		1107		1		6.328105E-02
1106		1156		1		6.328105E-02
1107		1108		1		6.328105E-02
1107		1157		1		6.328105E-02
1108		1109		1		6.328105E-02
1108		1158		1		6.328105E-02
1109		1110		1		6.328105E-02
1109		1159		1		6.328105E-02
1110		1111		1		6.328105E-02
1110		1160		1		6.328105E-02
1111		1112		1		6.328105E-02
1111		1161		1		6.328105E-02
1112		1113		1		6.328105E-02
1112		1162		1		6.328105E-02
1113		1114		1		6.328105E-02
1113		1163		1		6.328105E-02
1114		1115		1		6.328105E-02
1114		1164		1		6.328105E-02
1115		1116		1		6.328105E-02
1115		1165		1		6.328105E-02
1116		1117		1		6.328105E-02
1116		1166		1		6.328105E-02
1117		1118		1		6.328105E-02
1117		1167		1		6.328105E-02
1118		1119		1		6.328105E-02
1118		1168		1		6.328105E-02
1119		1120		1		6.328105E-02
1119		1169		1		6.328105E-02
1120		1121		1		6.328105E-02
1120		1170		1		6.328105E-02
1121		1122		1		6.328105E-02
1121		1171		1		6.328105E-02
1122		1123		1		6.328105E-02
1122		1172		1		6.328105E-02
1123		1124		1		6.328105E-02
1123		1173		1		6.328105E-02
1124		1125		1		6.328105E-02
1124		1174		1		6.328105E-02
1125		1126		1		6.328105E-02
1125		1175		1		6.328105E-02
1126		1127		1		6.328105E-02
1126		1176		1		6.328105E-02
1127		1128		1		6.328105E-02
1127		1177		1		6.328105E-02
1128		1129		1		6.328105E-02
1128		1178		1		6.328105E-02
1129		1130		1		6.328105E-02
1129		1179		1		6.328105E-02
1130		1131		1		6.328105E-02
1130		1180		1		6.328105E-02
1131		1132		1		6.328105E-02
1131		1181		1		6.328105E-02
1132		1133		1		6.328105E-02
1132		1182		1		6.328105E-02
1133		1134		1		6.328105E-02
1133		1183		1		6.328105E-02
1134		1135		1		6.328105E-02
1134		1184		1		6.328105E-02
1135		1136		1		6.328105E-02
1135		1185		1		6.328105E-02
1136		1137		1		6.328105E-02
1136		1186		1		6.328105E-02
1137		1138		1		6.328105E-02
1137		1187		1		6.328105E-02
1138		1139		1		6.328105E-02
1138		1188		1		6.328105E-02
1139		1140		1		6.328105E-02
1139		1189		1		6.328105E-02
1140		1141		1		6.328105E-02
1140		1190		1		6.328105E-02
1141		1142		1		6.328105E-02
1141		1191		1		6.328105E-02
1142		1143		1		6.328105E-02
1142		1192		1		6.328105E-02
1143		1144		1		6.328105E-02
1143		1193		1		6.328105E-02
1144		1145		1		6.328105E-02
1144		1194		1		6.328105E-02
1145		1146		1		6.328105E-02
1145		1195		1		6.328105E-02
1146		1147		1		6.328105E-02
1146		1196		1		6.328105E-02
1147		1148		1		6.328105E-02
1147		1197		1		6.328105E-02
1148		1149		1		6.328105E-02
1148		1198		1		6.328105E-02
1149		1150		1		6.328105E-02
1149		1199		1		6.328105E-02
1150		1200		1		6.328105E-02
1151		1152		1		6.328105E-02
1151		1201		1		6.328105E-02
1152		1153		1		6.328105E-02
1152		1202		1		6.328105E-02
1153		1154		1		6.328105E-02
1153		1203		1		6.328105E-02
1154		1155		1		6.328105E-02
1154		1204		1		6.328105E-02
1155		1156		1		6.328105E-02
1155		1205		1		6.328105E-02
1156		1157		1		6.328105E-02
1156		1206		1		6.328105E-02
1157		1158		1		6.328105E-02
1157		1207		1		6.328105E-02
1158		1159		1		6.328105E-02
1158		1208		1		6.328105E-02
1159		1160		1		6.328105E-02
1159		1209		1		6.328105E-02
1160		1161		1		6.328105E-02
1160		1210		1		6.328105E-02
1161		1162		1		6.328105E-02
1161		1211		1		6.328105E-02
1162		1163		1		6.328105E-02
1162		1212		1		6.328105E-02
1163		1164		1		6.328105E-02
1163		1213		1		6.328105E-02
1164		1165		1		6.328105E-02
1164		1214		1		6.328105E-02
1165		1166		1		6.328105E-02
1165		1215		1		6.328105E-02
1166		1167		1		6.328105E-02
1166		1216		1		6.328105E-02
1167		1168		1		6.328105E-02
1167		1217		1		6.328105E-02
1168		1169		1		6.328105E-02
1168		1218		1		6.328105E-02
1169		1170		1		6.328105E-02
1169		1219		1		6.328105E-02
1170		1171		1		6.328105E-02
1170		1220		1		6.328105E-02
1171		1172		1		6.328105E-02
1171		1221		1		6.328105E-02
1172		1173		1		6.328105E-02
1172		1222		1		6.328105E-02
1173		1174		1		6.328105E-02
1173		1223		1		6.328105E-02
1174		1175		1		6.328105E-02
1174		1224		1		6.328105E-02
1175		1176		1		6.328105E-02
1175		1225		1		6.328105E-02
1176		1177		1		6.328105E-02
1176		1226		1		6.328105E-02
1177		1178		1		6.328105E-02
1177		1227		1		6.328105E-02
1178		1179		1		6.328105E-02
1178		1228		1		6.328105E-02
1179		1180		1		6.328105E-02
1179		1229		1		6.328105E-02
1180		1181		1		6.328105E-02
1180		1230		1		6.328105E-02
1181		1182		1		6.328105E-02
1181		1231		1		6.328105E-02
1182		1183		1		6.328105E-02
1182		1232		1		6.328105E-02
1183		1184		1		6.328105E-02
1183		1233		1		6.328105E-02
1184		1185		1		6.328105E-02
1184		1234		1		6.328105E-02
1185		1186		1		6.328105E-02
1185		1235		1		6.328105E-02
1186		1187		1		6.328105E-02
1186		1236		1		6.328105E-02
1187		1188		1		6.328105E-02
1187		1237		1		6.328105E-02
1188		1189		1		6.328105E-02
1188		1238		1		6.328105E-02
1189		1190		1		6.328105E-02
1189		1239		1		6.328105E-02
1190		1191		1		6.328105E-02
1190		1240		1		6.328105E-02
1191		1192		1		6.328105E-02
1191		1241		1		6.328105E-02
1192		1193		1		6.328105E-02
1192		1242		1		6.328105E-02
1193		1194		1		6.328105E-02
1193		1243		1		6.328105E-02
1194		1195		1		6.328105E-02
1194		1244		1		6.328105E-02
1195		1196		1		6.328105E-02
1195		1245		1		6.328105E-02
1196		1197		1		6.328105E-02
1196		1246		1		6.328105E-02
1197		1198		1		6.328105E-02
1197		1247		1		6.328105E-02
1198		1199		1		6.328105E-02
1198		1248		1		6.328105E-02
1199		1200		1		6.328105E-02
1199		1249		1		6.328105E-02
1200		1250		1		6.328105E-02
1201		1202		1		6.328105E-02
1202		1203		1		6.328105E-02
1203		1204		1		6.328105E-02
1204		1205		1		6.328105E-02
1205		1206		1		6.328105E-02
1206		1207		1		6.328105E-02
1207		1208		1		6.328105E-02
1208		1209		1		6.328105E-02
1209		1210		1		6.328105E-02
1210		1211		1		6.328105E-02
1211		1212		1		6.328105E-02
1212		1213		1		6.328105E-02
1213		1214		1		6.328105E-02
1214		1215		1		6.328105E-02
1215		1216		1		6.328105E-02
1216		1217		1		6.328105E-02
1217		1218		1		6.328105E-02
1218		1219		1		6.328105E-02
1219		1220		1		6.328105E-02
1220		1221		1		6.328105E-02
1221		1222		1		6.328105E-02
1222		1223		1		6.328105E-02
1223		1224		1		6.328105E-02
1224		1225		1		6.328105E-02
1225		1226		1		6.328105E-02
1226		1227		1		6.328105E-02
1227		1228		1		6.328105E-02
1228		1229		1		6.328105E-02
1229		1230		1		6.328105E-02
1230		1231		1		6.328105E-02
1231		1232		1		6.328105E-02
1232		1233		1		6.328105E-02
1233		1234		1		6.328105E-02
1234		1235		1		6.328105E-02
1235		1236		1		6.328105E-02
1236		1237		1		6.328105E-02
1237		1238		1		6.328105E-02
1238		1239		1		6.328105E-02
1239		1240		1		6.328105E-02
1240		1241		1		6.328105E-02
1241		1242		1		6.328105E-02
1242		1243		1		6.328105E-02
1243		1244		1		6.328105E-02
1244		1245		1		6.328105E-02
1245		1246		1		6.328105E-02
1246		1247		1		6.328105E-02
1247		1248		1		6.328105E-02
1248		1249		1		6.328105E-02
1249		1250		1		6.328105E-02
1251		103		1		5.137483E-01
1252		153		1		3.293726E-01
1253		154		1		5.631336E-02
1254		204		1		5.841966E-01
1255		254		1		1.901002E-01
1256		255		1		1.369855E-01
1257		305		1		6.006432E-01
1258		355		1		9.290938E-02
1259		356		1		2.538565E-01
1260		406		1		5.538548E-01
1261		456		1		2.574451E-02
1262		457		1		4.167522E-01
1263		507		1		4.167269E-01
1264		508		1		2.575216E-02
1265		558		1		5.538671E-01
1266		608		1		2.538375E-01
1267		609		1		9.292035E-02
1268		659		1		6.006454E-01
1269		709		1		1.369723E-01
1270		710		1		1.901161E-01
1271		760		1		5.841900E-01
1272		810		1		5.630425E-02
1273		811		1		3.293949E-01
1274		861		1		5.137209E-01
1251		1252		1		1.551215E+01
1252		1253		1		2.757710E+01
1253		1254		1		2.256302E+01
1254		1255		1		1.772821E+01
1255		1256		1		2.757710E+01
1256		1257		1		1.909175E+01
1257		1258		1		2.068298E+01
1258		1259		1		2.757710E+01
1259		1260		1		1.654616E+01
1260		1261		1		2.481969E+01
1261		1262		1		2.757710E+01
1262		1263		1		1.551215E+01
1263		1264		1		2.757710E+01
1264		1265		1		2.481901E+01
1265		1266		1		1.654646E+01
1266		1267		1		2.757710E+01
1267		1268		1		2.068251E+01
1268		1269		1		1.909215E+01
1269		1270		1		2.757710E+01
1270		1271		1		1.772786E+01
1271		1272		1		2.256358E+01
1272		1273		1		2.757710E+01
1273		1274		1		1.551215E+01
1275		453		1		3.796383E-01
1276		454		1		5.423114E-01
1277		455		1		3.796435E-01
1278		506		1		3.796331E-01
1279		507		1		5.423114E-01
1280		508		1		3.796484E-01
1281		559		1		3.796279E-01
1282		560		1		5.423114E-01
1283		561		1		3.796536E-01
1284		612		1		3.796228E-01
1285		613		1		5.423114E-01
1286		614		1		3.796588E-01
1287		665		1		3.796176E-01
1288		666		1		5.423114E-01
1289		667		1		3.796639E-01
1279		1263		1		1.237186E+01
1275		1276		1		1.500842E+01
1276		1277		1		1.500836E+01
1277		1278		1		1.500842E+01
1278		1279		1		1.500849E+01
1279		1280		1		1.500830E+01
1280		1281		1		1.500842E+01
1281		1282		1		1.500855E+01
1282		1283		1		1.500823E+01
1283		1284		1		1.500842E+01
1284		1285		1		1.500861E+01
1285		1286		1		1.500817E+01
1286		1287		1		1.500842E+01
1287		1288		1		1.500868E+01
1288		1289		1		1.500810E+01
1290		303		1		2.932169E-01
1291		304		1		3.771362E-01
1292		305		1		4.612024E-01
1293		306		1		5.098596E-01
1294		307		1		4.924948E-01
1295		308		1		4.210259E-01
1296		309		1		3.337365E-01
1297		310		1		1.286199E-01
1298		360		1		1.285948E-01
1299		361		1		3.337291E-01
1300		362		1		4.210184E-01
1301		363		1		4.924868E-01
1302		364		1		5.098611E-01
1303		365		1		4.612085E-01
1304		366		1		3.771438E-01
1305		367		1		2.932490E-01
1292		1257		1		1.288606E+01
1290		1291		1		1.568149E+01
1291		1292		1		1.568149E+01
1292		1293		1		1.568149E+01
1293		1294		1		1.568149E+01
1294		1295		1		1.568149E+01
1295		1296		1		1.568149E+01
1296		1297		1		2.090805E+01
1297		1298		1		3.136297E+01
1298		1299		1		2.090925E+01
1299		1300		1		1.568149E+01
1300		1301		1		1.568149E+01
1301		1302		1		1.568149E+01
1302		1303		1		1.568149E+01
1303		1304		1		1.568149E+01
1304		1305		1		1.568081E+01
1306		533		1		1.985136E-01
1307		534		1		5.681009E-01
1308		581		1		2.133443E-02
1309		582		1		6.009374E-01
1310		583		1		1.504314E-01
1311		630		1		2.551462E-01
1312		631		1		4.798080E-01
1313		678		1		4.618319E-02
1314		679		1		6.225546E-01
1315		680		1		1.097400E-01
1316		727		1		3.210752E-01
1317		728		1		3.964050E-01
1318		775		1		7.533716E-02
1319		776		1		6.300314E-01
1320		777		1		7.534687E-02
1321		824		1		3.963806E-01
1322		825		1		3.210969E-01
1323		872		1		1.097285E-01
1324		873		1		6.225592E-01
1325		874		1		4.619143E-02
1326		921		1		4.797813E-01
1327		922		1		2.551650E-01
1328		969		1		1.504178E-01
1329		970		1		6.009459E-01
1330		971		1		2.134148E-02
1331		1018		1		5.680734E-01
1332		1019		1		1.985296E-01
1306		1307		1		1.718874E+01
1306		1310		1		2.656445E+01
1308		1309		1		2.435126E+01
1308		1312		1		2.656445E+01
1309		1310		1		1.826274E+01
1311		1312		1		1.718874E+01
1311		1315		1		2.656445E+01
1313		1314		1		2.247795E+01
1313		1317		1		2.656445E+01
1314		1315		1		1.948031E+01
1316		1317		1		1.718874E+01
1316		1320		1		2.656445E+01
1318		1319		1		2.087228E+01
1318		1322		1		2.656445E+01
1319		1320		1		2.087182E+01
1321		1322		1		1.718874E+01
1321		1325		1		2.656445E+01
1323		1324		1		1.948071E+01
1323		1327		1		2.656445E+01
1324		1325		1		2.247742E+01
1326		1327		1		1.718874E+01
1326		1330		1		2.656445E+01
1328		1329		1		1.826309E+01
1328		1332		1		2.656445E+01
1329		1330		1		2.435064E+01
1331		1332		1		1.718874E+01
1333		174		1		3.630199E-01
1334		224		1		5.305341E-01
1335		274		1		4.310493E-01
1336		324		1		8.341670E-02
1337		325		1		2.004125E-01
1338		375		1		4.926438E-01
1339		425		1		4.926304E-01
1340		475		1		2.003742E-01
1341		476		1		8.344145E-02
1342		526		1		4.310663E-01
1343		576		1		5.305290E-01
1344		626		1		3.629724E-01
1345		677		1		3.630040E-01
1346		727		1		5.305323E-01
1347		777		1		4.310550E-01
1348		827		1		8.342495E-02
1349		828		1		2.004009E-01
1350		878		1		4.926394E-01
1351		928		1		4.926349E-01
1352		978		1		2.003893E-01
1353		979		1		8.343320E-02
1354		1029		1		4.310606E-01
1355		1079		1		5.305307E-01
1356		1129		1		3.629882E-01
1346		1316		1		1.315764E+01
1333		1334		1		1.515264E+01
1334		1335		1		1.515307E+01
1335		1336		1		2.273040E+01
1336		1337		1		3.030613E+01
1337		1338		1		1.818317E+01
1338		1339		1		1.515307E+01
1339		1340		1		1.818409E+01
1340		1341		1		3.030613E+01
1341		1342		1		2.272896E+01
1342		1343		1		1.515307E+01
1343		1344		1		1.515328E+01
1344		1345		1		1.515307E+01
1345		1346		1		1.515285E+01
1346		1347		1		1.515307E+01
1347		1348		1		2.272992E+01
1348		1349		1		3.030613E+01
1349		1350		1		1.818348E+01
1350		1351		1		1.515307E+01
1351		1352		1		1.818378E+01
1352		1353		1		3.030613E+01
1353		1354		1		2.272944E+01
1354		1355		1		1.515307E+01
1355		1356		1		1.515307E+01
1357		713		1		1.762672E-01
1358		714		1		5.805942E-01
1359		762		1		5.806195E-01
1360		763		1		1.762533E-01
1361		810		1		1.762652E-01
1362		811		1		5.805978E-01
1363		859		1		5.806158E-01
1364		860		1		1.762553E-01
1365		907		1		1.762632E-01
1366		908		1		5.806015E-01
1367		956		1		5.806124E-01
1368		957		1		1.762573E-01
1369		1004		1		1.762612E-01
1370		1005		1		5.806051E-01
1371		1053		1		5.806088E-01
1372		1054		1		1.762592E-01
1362		1273		1		1.260216E+01
1357		1358		1		1.755102E+01
1357		1360		1		2.632650E+01
1359		1362		1		1.316325E+01
1359		1360		1		1.755102E+01
1361		1362		1		1.755102E+01
1361		1364		1		2.632650E+01
1363		1366		1		1.316325E+01
1363		1364		1		1.755102E+01
1365		1366		1		1.755102E+01
1365		1368		1		2.632650E+01
1367		1370		1		1.316325E+01
1367		1368		1		1.755102E+01
1369		1370		1		1.755102E+01
1369		1372		1		2.632650E+01
1371		1372		1		1.755102E+01
1373		569		1		3.796700E-01
1374		619		1		5.423500E-01
1375		669		1		3.796342E-01
1376		720		1		3.796648E-01
1377		770		1		5.423500E-01
1378		820		1		3.796394E-01
1379		871		1		3.796596E-01
1380		921		1		5.423500E-01
1381		971		1		3.796445E-01
1382		1022		1		3.796545E-01
1383		1072		1		5.423500E-01
1384		1122		1		3.796493E-01
1380		1326		1		1.304960E+01
1373		1374		1		1.500817E+01
1374		1375		1		1.500861E+01
1375		1376		1		1.500842E+01
1376		1377		1		1.500823E+01
1377		1378		1		1.500855E+01
1378		1379		1		1.500842E+01
1379		1380		1		1.500830E+01
1380		1381		1		1.500849E+01
1381		1382		1		1.500842E+01
1382		1383		1		1.500836E+01
1383		1384		1		1.500842E+01
1385		260		1		6.810820E-01
1386		261		1		5.703969E-02
1387		311		1		4.654916E-01
1388		312		1		1.433964E-01
1389		362		1		2.756954E-01
1390		363		1		2.756905E-01
1391		413		1		1.433997E-01
1392		414		1		4.654850E-01
1393		464		1		5.704182E-02
1394		465		1		6.810760E-01
1395		516		1		6.810880E-01
1396		517		1		5.703755E-02
1397		567		1		4.654982E-01
1398		568		1		1.433931E-01
1399		618		1		2.757004E-01
1400		619		1		2.756855E-01
1401		669		1		1.434029E-01
1402		670		1		4.654783E-01
1403		720		1		5.704395E-02
1404		721		1		6.810699E-01
1389		1300		1		1.385659E+01
1401		1375		1		1.407706E+01
1385		1386		1		2.025578E+01
1386		1387		1		2.430691E+01
1387		1388		1		2.025578E+01
1388		1389		1		2.430691E+01
1389		1390		1		2.025578E+01
1390		1391		1		2.430691E+01
1391		1392		1		2.025578E+01
1392		1393		1		2.430691E+01
1393		1394		1		2.025578E+01
1394		1395		1		1.215346E+01
1395		1396		1		2.025578E+01
1396		1397		1		2.430691E+01
1397		1398		1		2.025578E+01
1398		1399		1		2.430691E+01
1399		1400		1		2.025578E+01
1400		1401		1		2.430691E+01
1401		1402		1		2.025578E+01
1402		1403		1		2.430691E+01
1403		1404		1		2.025578E+01
1405		738		1		9.167463E-02
1406		739		1		6.442941E-01
1407		787		1		2.595371E-01
1408		788		1		3.407291E-01
1409		836		1		5.393841E-01
1410		837		1		1.366653E-01
1411		884		1		5.501025E-02
1412		885		1		6.695877E-01
1413		886		1		2.493220E-02
1414		933		1		1.919617E-01
1415		934		1		4.352530E-01
1416		982		1		4.352567E-01
1417		983		1		1.919594E-01
1418		1030		1		2.493323E-02
1419		1031		1		6.695882E-01
1420		1032		1		5.500901E-02
1421		1079		1		1.366671E-01
1422		1080		1		5.393801E-01
1423		1128		1		3.407329E-01
1424		1129		1		2.595343E-01
1425		1177		1		6.442979E-01
1426		1178		1		9.167312E-02
1421		1355		1		1.412579E+01
1405		1406		1		1.929157E+01
1405		1408		1		2.507904E+01
1407		1408		1		1.929157E+01
1407		1410		1		2.507904E+01
1409		1410		1		1.929157E+01
1409		1413		1		2.507904E+01
1411		1412		1		2.089916E+01
1411		1415		1		2.507904E+01
1412		1413		1		2.279918E+01
1414		1415		1		1.929157E+01
1414		1417		1		2.507904E+01
1416		1417		1		1.929157E+01
1416		1420		1		2.507904E+01
1418		1419		1		2.279910E+01
1418		1422		1		2.507904E+01
1419		1420		1		2.089922E+01
1421		1422		1		1.929157E+01
1421		1424		1		2.507904E+01
1423		1424		1		1.929157E+01
1423		1426		1		2.507904E+01
1425		1426		1		1.929157E+01
1427		783		1		7.103020E-01
1428		784		1		3.395641E-02
1429		834		1		5.776796E-01
1430		835		1		7.796863E-02
1431		885		1		4.368770E-01
1432		886		1		1.359171E-01
1433		936		1		3.124119E-01
1434		937		1		2.125248E-01
1435		987		1		2.125335E-01
1436		988		1		3.124007E-01
1437		1038		1		1.359237E-01
1438		1039		1		4.368610E-01
1439		1089		1		7.797363E-02
1440		1090		1		5.776657E-01
1441		1140		1		3.396024E-02
1442		1141		1		7.102905E-01
1431		1412		1		1.275955E+01
1427		1428		1		2.102080E+01
1428		1429		1		2.364844E+01
1429		1430		1		2.102080E+01
1430		1431		1		2.364844E+01
1431		1432		1		2.102080E+01
1432		1433		1		2.364844E+01
1433		1434		1		2.102080E+01
1434		1435		1		2.364844E+01
1435		1436		1		2.102080E+01
1436		1437		1		2.364844E+01
1437		1438		1		2.102080E+01
1438		1439		1		2.364844E+01
1439		1440		1		2.102080E+01
1440		1441		1		2.364844E+01
1441		1442		1		2.102080E+01
1443		904		1		4.469428E-01
1444		905		1		5.084907E-01
1445		906		1		4.795370E-02
1446		956		1		3.062097E-01
1447		957		1		5.542191E-01
1448		958		1		1.110848E-01
1449		1008		1		1.951590E-01
1450		1009		1		5.713725E-01
1451		1010		1		1.951701E-01
1452		1060		1		1.110764E-01
1453		1061		1		5.542152E-01
1454		1062		1		3.062241E-01
1455		1112		1		4.794740E-02
1456		1113		1		5.084843E-01
1457		1114		1		4.469605E-01
1446		1367		1		1.145224E+01
1443		1444		1		1.440240E+01
1444		1445		1		2.400335E+01
1445		1446		1		2.880446E+01
1446		1447		1		1.600264E+01
1447		1448		1		2.057441E+01
1448		1449		1		2.880446E+01
1449		1450		1		1.800294E+01
1450		1451		1		1.800269E+01
1451		1452		1		2.880446E+01
1452		1453		1		2.057475E+01
1453		1454		1		1.600244E+01
1454		1455		1		2.880446E+01
1455		1456		1		2.400381E+01
1456		1457		1		1.440223E+01
1458		396		1		4.369286E-01
1459		446		1		5.192331E-01
1460		495		1		2.507326E-01
1461		496		1		7.237513E-02
1462		545		1		5.648366E-01
1463		594		1		1.204878E-01
1464		595		1		1.792500E-01
1465		644		1		5.487799E-01
1466		693		1		3.280937E-02
1467		694		1		3.366102E-01
1468		743		1		4.804592E-01
1469		793		1		4.804642E-01
1470		842		1		3.365991E-01
1471		843		1		3.281363E-02
1472		892		1		5.487826E-01
1473		941		1		1.792423E-01
1474		942		1		1.204941E-01
1475		991		1		5.648357E-01
1476		1040		1		7.236997E-02
1477		1041		1		2.507419E-01
1478		1090		1		5.192290E-01
1479		1140		1		4.369412E-01
1478		1440		1		1.226474E+01
1458		1459		1		1.449397E+01
1459		1461		1		2.254573E+01
1460		1461		1		2.898769E+01
1460		1462		1		1.690963E+01
1462		1464		1		1.844657E+01
1463		1464		1		2.898769E+01
1463		1465		1		2.029156E+01
1465		1467		1		1.560868E+01
1466		1467		1		2.898769E+01
1466		1468		1		2.536445E+01
1468		1469		1		1.449385E+01
1469		1471		1		2.536407E+01
1470		1471		1		2.898769E+01
1470		1472		1		1.560882E+01
1472		1474		1		2.029132E+01
1473		1474		1		2.898769E+01
1473		1475		1		1.844677E+01
1475		1477		1		1.690946E+01
1476		1477		1		2.898769E+01
1476		1478		1		2.254603E+01
1478		1479		1		1.449385E+01
1480		188		1		5.806402E-01
1481		238		1		1.762624E-01
1482		239		1		1.762644E-01
1483		289		1		5.806365E-01
1484		340		1		5.806438E-01
1485		390		1		1.762604E-01
1486		391		1		1.762664E-01
1487		441		1		5.806329E-01
1488		492		1		5.806475E-01
1489		542		1		1.762584E-01
1490		543		1		1.762684E-01
1491		593		1		5.806292E-01
1492		644		1		5.806512E-01
1493		694		1		1.762565E-01
1494		695		1		1.762704E-01
1495		745		1		5.806255E-01
1492		1465		1		1.187612E+01
1480		1481		1		1.755102E+01
1481		1482		1		2.632650E+01
1482		1483		1		1.755102E+01
1483		1484		1		1.316325E+01
1484		1485		1		1.755102E+01
1485		1486		1		2.632650E+01
1486		1487		1		1.755102E+01
1487		1488		1		1.316325E+01
1488		1489		1		1.755102E+01
1489		1490		1		2.632650E+01
1490		1491		1		1.755102E+01
1491		1492		1		1.316325E+01
1492		1493		1		1.755102E+01
1493		1494		1		2.632650E+01
1494		1495		1		1.755102E+01
1496		133		1		8.703565E-02
1497		134		1		5.242121E-01
1498		135		1		4.317458E-01
1499		181		1		2.235439E-01
1500		182		1		5.646628E-01
1501		183		1		2.235390E-01
1502		229		1		4.317529E-01
1503		230		1		5.242100E-01
1504		231		1		8.703254E-02
1505		276		1		8.703461E-02
1506		277		1		5.242114E-01
1507		278		1		4.317481E-01
1508		324		1		2.235423E-01
1509		325		1		5.646628E-01
1510		326		1		2.235407E-01
1511		372		1		4.317505E-01
1512		373		1		5.242107E-01
1513		374		1		8.703358E-02
1509		1337		1		1.364953E+01
1496		1497		1		2.181158E+01
1496		1501		1		2.908223E+01
1497		1498		1		1.454116E+01
1499		1500		1		1.744929E+01
1499		1504		1		2.908223E+01
1500		1501		1		1.744939E+01
1502		1507		1		1.454111E+01
1502		1503		1		1.454109E+01
1503		1504		1		2.181174E+01
1505		1506		1		2.181164E+01
1505		1510		1		2.908223E+01
1506		1507		1		1.454114E+01
1508		1509		1		1.744933E+01
1508		1513		1		2.908223E+01
1509		1510		1		1.744936E+01
1511		1512		1		1.454111E+01
1512		1513		1		2.181169E+01
1514		380		1		7.592753E-01
1515		431		1		7.592753E-01
1516		482		1		7.592753E-01
1517		533		1		7.592753E-01
1518		584		1		7.592753E-01
1519		635		1		7.592753E-01
1520		686		1		7.592753E-01
1517		1306		1		1.282259E+01
1514		1515		1		1.118661E+01
1515		1516		1		1.118661E+01
1516		1517		1		1.118661E+01
1517		1518		1		1.118661E+01
1518		1519		1		1.118661E+01
1519		1520		1		1.118661E+01
1521		144		1		4.745689E-01
1522		145		1		4.745371E-01
1523		192		1		4.745654E-01
1524		193		1		4.745407E-01
1525		240		1		4.745619E-01
1526		241		1		4.745442E-01
1527		288		1		4.745583E-01
1528		289		1		4.745477E-01
1529		336		1		4.745548E-01
1530		337		1		4.745513E-01
1528		1483		1		1.236879E+01
1521		1524		1		1.415007E+01
1521		1522		1		1.415010E+01
1523		1526		1		1.415007E+01
1523		1524		1		1.415010E+01
1525		1528		1		1.415007E+01
1525		1526		1		1.415010E+01
1527		1530		1		1.415007E+01
1527		1528		1		1.415010E+01
1529		1530		1		1.415010E+01
1531		115		1		6.225210E-01
1532		165		1		1.162713E-01
1533		166		1		2.775456E-01
1534		216		1		3.518180E-01
1535		217		1		7.917819E-02
1536		267		1		6.502721E-01
1537		317		1		2.211190E-02
1538		318		1		5.285849E-01
1539		368		1		1.607848E-01
1540		369		1		2.141105E-01
1541		419		1		4.364040E-01
1542		420		1		4.817588E-02
1543		470		1		6.600460E-01
1544		520		1		4.818224E-02
1545		521		1		4.363840E-01
1546		571		1		2.141232E-01
1547		572		1		1.607737E-01
1548		622		1		5.286067E-01
1549		623		1		2.210645E-02
1550		673		1		6.502677E-01
1551		723		1		7.918591E-02
1552		724		1		3.517999E-01
1553		774		1		2.775613E-01
1554		775		1		1.162620E-01
1555		825		1		6.225420E-01
1555		1322		1		1.265198E+01
1531		1532		1		1.871104E+01
1532		1533		1		2.551509E+01
1533		1534		1		1.871104E+01
1534		1535		1		2.551509E+01
1535		1536		1		2.004763E+01
1536		1537		1		2.338871E+01
1537		1538		1		2.551509E+01
1538		1539		1		1.871104E+01
1539		1540		1		2.551509E+01
1540		1541		1		1.871104E+01
1541		1542		1		2.551509E+01
1542		1543		1		2.158986E+01
1543		1544		1		2.158948E+01
1544		1545		1		2.551509E+01
1545		1546		1		1.871104E+01
1546		1547		1		2.551509E+01
1547		1548		1		1.871104E+01
1548		1549		1		2.551509E+01
1549		1550		1		2.338916E+01
1550		1551		1		2.004730E+01
1551		1552		1		2.551509E+01
1552		1553		1		1.871104E+01
1553		1554		1		2.551509E+01
1554		1555		1		1.871104E+01
1556		119		1		2.131828E-01
1557		120		1		5.433570E-01
1558		121		1		4.016319E-01
1559		166		1		8.527273E-02
1560		167		1		4.861592E-01
1561		168		1		4.861636E-01
1562		169		1		8.527869E-02
1563		214		1		4.016191E-01
1564		215		1		5.433589E-01
1565		216		1		2.131918E-01
1565		1534		1		1.382652E+01
1556		1557		1		1.777571E+01
1556		1562		1		2.962596E+01
1557		1558		1		1.481284E+01
1559		1560		1		2.221957E+01
1559		1565		1		2.962596E+01
1560		1561		1		1.481298E+01
1561		1562		1		2.221925E+01
1563		1564		1		1.481298E+01
1564		1565		1		1.777551E+01
1566		591		1		4.985339E-01
1567		641		1		3.796700E-01
1568		642		1		3.366566E-02
1569		692		1		5.481180E-01
1570		742		1		2.777348E-01
1571		743		1		7.550834E-02
1572		793		1		5.828180E-01
1573		843		1		1.945100E-01
1574		844		1		1.281105E-01
1575		894		1		5.954308E-01
1576		944		1		1.281205E-01
1577		945		1		1.944975E-01
1578		995		1		5.828221E-01
1579		1045		1		7.551621E-02
1580		1046		1		2.777192E-01
1581		1096		1		5.481254E-01
1582		1146		1		3.367195E-02
1583		1147		1		3.796522E-01
1584		1197		1		4.985550E-01
1572		1469		1		1.254878E+01
1566		1567		1		1.500079E+01
1567		1568		1		2.785856E+01
1568		1569		1		2.437668E+01
1569		1570		1		1.625066E+01
1570		1571		1		2.785856E+01
1571		1572		1		2.166806E+01
1572		1573		1		1.772802E+01
1573		1574		1		2.785856E+01
1574		1575		1		1.950118E+01
1575		1576		1		1.950085E+01
1576		1577		1		2.785856E+01
1577		1578		1		1.772829E+01
1578		1579		1		2.166765E+01
1579		1580		1		2.785856E+01
1580		1581		1		1.625089E+01
1581		1582		1		2.437616E+01
1582		1583		1		2.785856E+01
1583		1584		1		1.500079E+01
1585		79		1		6.106963E-01
1586		129		1		1.312809E-01
1587		130		1		2.464304E-01
1588		180		1		4.101181E-01
1589		181		1		5.340912E-02
1590		231		1		6.533359E-01
1591		281		1		5.341095E-02
1592		282		1		4.101127E-01
1593		332		1		2.464344E-01
1594		333		1		1.312782E-01
1595		383		1		6.107021E-01
1590		1504		1		1.442896E+01
1585		1586		1		1.839069E+01
1586		1587		1		2.574695E+01
1587		1588		1		1.839069E+01
1588		1589		1		2.574695E+01
1589		1590		1		2.145585E+01
1590		1591		1		2.145575E+01
1591		1592		1		2.574695E+01
1592		1593		1		1.839069E+01
1593		1594		1		2.574695E+01
1594		1595		1		1.839069E+01
1596		867		1		6.939536E-01
1597		916		1		5.138427E-01
1598		917		1		4.649916E-02
1599		965		1		3.405668E-01
1600		966		1		1.122433E-01
1601		1014		1		2.068544E-01
1602		1015		1		2.068553E-01
1603		1063		1		1.122427E-01
1604		1064		1		3.405680E-01
1605		1112		1		4.649872E-02
1606		1113		1		5.138442E-01
1607		1162		1		6.939548E-01
1606		1456		1		1.294816E+01
1596		1598		1		2.059138E+01
1597		1598		1		2.402328E+01
1597		1600		1		2.059138E+01
1599		1600		1		2.402328E+01
1599		1602		1		2.059138E+01
1601		1602		1		2.402328E+01
1601		1604		1		2.059138E+01
1603		1604		1		2.402328E+01
1603		1606		1		2.059138E+01
1605		1606		1		2.402328E+01
1605		1607		1		2.059138E+01
1608		58		1		3.396976E-01
1609		108		1		4.964649E-01
1610		158		1		4.964605E-01
1611		208		1		3.396783E-01
1612		259		1		3.396912E-01
1613		309		1		4.964634E-01
1614		359		1		4.964619E-01
1615		409		1		3.396847E-01
1613		1296		1		1.285116E+01
1608		1609		1		1.534771E+01
1609		1610		1		1.534791E+01
1610		1611		1		1.534801E+01
1611		1612		1		1.534791E+01
1612		1613		1		1.534781E+01
1613		1614		1		1.534791E+01
1614		1615		1		1.534791E+01
1616		197		1		1.208891E-01
1617		198		1		6.188159E-01
1618		246		1		3.696577E-01
1619		247		1		2.674630E-01
1620		294		1		3.128712E-02
1621		295		1		6.532990E-01
1622		296		1		7.065605E-02
1623		343		1		1.853152E-01
1624		344		1		4.901480E-01
1625		392		1		4.901590E-01
1626		393		1		1.853090E-01
1627		440		1		7.065986E-02
1628		441		1		6.532946E-01
1629		442		1		3.128412E-02
1630		489		1		2.674710E-01
1631		490		1		3.696480E-01
1632		538		1		6.188268E-01
1633		539		1		1.208842E-01
1628		1487		1		1.220160E+01
1616		1617		1		1.861007E+01
1616		1619		1		2.558883E+01
1618		1619		1		1.861007E+01
1618		1622		1		2.558883E+01
1620		1621		1		2.274549E+01
1620		1624		1		2.558883E+01
1621		1622		1		2.047119E+01
1623		1624		1		1.861007E+01
1623		1626		1		2.558883E+01
1625		1626		1		1.861007E+01
1625		1629		1		2.558883E+01
1627		1628		1		2.047102E+01
1627		1631		1		2.558883E+01
1628		1629		1		2.274570E+01
1630		1631		1		1.861007E+01
1630		1633		1		2.558883E+01
1632		1633		1		1.861007E+01
1634		688		1		4.154558E-01
1635		738		1		5.370588E-01
1636		788		1		1.448641E-01
1637		789		1		1.448651E-01
1638		839		1		5.370592E-01
1639		889		1		4.154541E-01
1635		1405		1		1.484011E+01
1634		1635		1		1.468873E+01
1635		1636		1		1.958501E+01
1636		1637		1		2.937749E+01
1637		1638		1		1.958498E+01
1638		1639		1		1.468875E+01
1640		830		1		6.810930E-01
1641		879		1		4.654597E-01
1642		880		1		5.704254E-02
1643		928		1		2.756880E-01
1644		929		1		1.433958E-01
1645		977		1		1.433925E-01
1646		978		1		2.756930E-01
1647		1026		1		5.704041E-02
1648		1027		1		4.654664E-01
1649		1076		1		6.810991E-01
1643		1351		1		1.390031E+01
1640		1642		1		2.025578E+01
1641		1642		1		2.430691E+01
1641		1644		1		2.025578E+01
1643		1644		1		2.430691E+01
1643		1646		1		2.025578E+01
1645		1646		1		2.430691E+01
1645		1648		1		2.025578E+01
1647		1648		1		2.430691E+01
1647		1649		1		2.025578E+01
1650		523		1		2.965956E-01
1651		524		1		3.873498E-01
1652		525		1		4.745482E-01
1653		526		1		5.129665E-01
1654		527		1		4.745484E-01
1655		528		1		3.873500E-01
1656		529		1		2.965964E-01
1653		1342		1		1.308827E+01
1650		1651		1		1.566126E+01
1651		1652		1		1.566126E+01
1652		1653		1		1.566126E+01
1653		1654		1		1.566126E+01
1654		1655		1		1.566126E+01
1655		1656		1		1.566124E+01
1657		815		1		4.016652E-01
1658		865		1		5.434135E-01
1659		915		1		2.131800E-01
1660		916		1		8.527839E-02
1661		966		1		4.862178E-01
1662		1016		1		4.862134E-01
1663		1066		1		8.527244E-02
1664		1067		1		2.131890E-01
1665		1117		1		5.434153E-01
1666		1167		1		4.016525E-01
1661		1600		1		1.494287E+01
1657		1658		1		1.481284E+01
1658		1659		1		1.777571E+01
1659		1660		1		2.962596E+01
1660		1661		1		2.221925E+01
1661		1662		1		1.481298E+01
1662		1663		1		2.221957E+01
1663		1664		1		2.962596E+01
1664		1665		1		1.777551E+01
1665		1666		1		1.481298E+01
1667		659		1		3.796279E-01
1668		660		1		5.423114E-01
1669		661		1		3.796536E-01
1670		706		1		3.796331E-01
1671		707		1		5.423114E-01
1672		708		1		3.796484E-01
1673		753		1		3.796383E-01
1674		754		1		5.423114E-01
1675		755		1		3.796435E-01
1667		1268		1		1.225971E+01
1667		1672		1		1.500842E+01
1667		1668		1		1.500855E+01
1668		1669		1		1.500823E+01
1670		1675		1		1.500842E+01
1670		1671		1		1.500849E+01
1671		1672		1		1.500830E+01
1673		1674		1		1.500842E+01
1674		1675		1		1.500836E+01
1676		797		1		5.806329E-01
1677		846		1		1.762604E-01
1678		847		1		1.762664E-01
1679		896		1		5.806438E-01
1680		945		1		5.806365E-01
1681		994		1		1.762624E-01
1682		995		1		1.762644E-01
1683		1044		1		5.806402E-01
1682		1578		1		1.282290E+01
1676		1678		1		1.755102E+01
1677		1678		1		2.632650E+01
1677		1679		1		1.755102E+01
1679		1680		1		1.316325E+01
1680		1682		1		1.755102E+01
1681		1682		1		2.632650E+01
1681		1683		1		1.755102E+01
1684		445		1		7.592753E-01
1685		496		1		7.592753E-01
1685		1461		1		1.389862E+01
1684		1685		1		1.118661E+01
1686		882		1		4.317510E-01
1687		932		1		5.242828E-01
1688		982		1		8.703518E-02
1689		983		1		2.235445E-01
1690		1033		1		5.645673E-01
1691		1083		1		2.235461E-01
1692		1084		1		8.703414E-02
1693		1134		1		5.242821E-01
1694		1184		1		4.317534E-01
1689		1417		1		1.473169E+01
1686		1687		1		1.454114E+01
1687		1688		1		2.181164E+01
1688		1689		1		2.908223E+01
1689		1690		1		1.744936E+01
1690		1691		1		1.744933E+01
1691		1692		1		2.908223E+01
1692		1693		1		2.181169E+01
1693		1694		1		1.454111E+01
